0.0
7.597744798011728E-5
1.56114324532645E-4
9.056388964597076E-6
0.0
1.0482208852626204E-4
0.0
0.0
6.161627024580958E-5
7.392258514784592E-5
7.444874289962114E-4
4.882188121882577E-6
0.0
2.2631431323730963E-4
1.402753449885417E-4
0.0
3.0774773800810056E-5
0.0
1.4677103069156788E-4
0.0
0.0
1.115360093854858E-4
6.869203629670792E-5
1.1372452870650316E-4
0.0
0.0
6.134340220624853E-5
0.0
1.5276698265163452E-4
0.0
5.048781665857047E-5
5.364878152240635E-4
2.314292701552123E-5
1.9279066094981018E-4
0.0
8.172789371129987E-5
0.0
1.785536746547006E-4
4.310991092188862E-4
8.766145527620922E-5
0.0
0.0
0.0
1.8758981655770459E-4
0.0
1.5951726610966588E-4
2.546762375736628E-4
2.540169373557607E-4
0.0
3.591474620170627E-6
2.082485705268735E-4
6.518439263774204E-5
1.1245617792207411E-4
0.0
1.6298389952413273E-6
3.537274107743341E-5
0.0
1.2645704253470768E-4
0.0
4.341129732778708E-5
1.5600969162550644E-4
0.0
0.0
4.2061397241022793E-5
3.420651589344173E-4
4.185544988411457E-5
1.2551969253270335E-4
0.0
5.917014548885598E-5
0.0
0.0
0.0
1.081896108369162E-4
0.0
2.0782645571152915E-4
2.0592351161890845E-4
0.0
4.51543137332373E-5
0.0
0.0
0.0
9.603610715433068E-5
2.192087809946911E-4
1.1801266296041761E-5
8.607187092588112E-5
1.3313966261793033E-4
0.0
6.148146794229638E-5
2.1601867450065545E-4
8.645068587777812E-5
6.001827084759316E-5
6.010993831877893E-4
1.020397906650419E-4
9.277651617135401E-5
1.8229078483629214E-4
0.0
0.0
0.0
0.0
5.6687563641613635E-5
0.0
9.89658948585477E-5
0.0
0.0
2.1847155049038552E-5
0.0
0.0
1.821368963182775E-4
2.7501436439637665E-4
0.0
0.0
3.388443253770559E-4
0.0
0.0
0.0
1.5599122755357794E-4
0.0
1.5395245085878743E-4
1.6688512723981802E-4
0.0
3.43428249803856E-5
2.020098046974172E-5
3.988135780389824E-5
0.0
1.046263669633987E-4
9.678749415092942E-5
0.0
0.0
0.0
0.0
0.0
0.0
6.940567363652796E-5
2.590202885523407E-6
1.271702413861972E-4
0.0
1.2165791121430757E-4
3.418430826163551E-4
3.183569460067901E-8
0.0
3.3920568851575247E-4
0.0
8.818947750783427E-4
0.0
0.0
3.5344861291804905E-5
3.3060637843471256E-5
0.0
2.6942605298554454E-5
0.0
0.0
3.756972863855017E-5
4.640997520290109E-5
1.1416680240413204E-5
0.0
0.0
0.0
6.051111045248152E-6
0.0
0.0
0.0
1.1608346534724314E-4
2.4059619727119993E-4
0.0
4.050879975998753E-5
7.43041860234806E-5
1.8613860376542302E-4
3.616407889643293E-5
5.83279832709344E-5
1.1533900609529793E-4
3.0934950622650665E-5
1.7240417498336967E-4
1.0852896763634756E-4
0.0
8.257817338915344E-5
1.394276314022894E-4
1.7856173125585493E-4
1.8609531799091634E-4
0.0
2.1814880337494132E-4
0.0
1.0589806728133477E-4
1.6723774525323907E-4
1.3593346519330052E-4
9.290036589367874E-5
1.3067629022152168E-4
4.1492723225103985E-4
9.089452696343288E-5
1.5832362009213683E-4
1.510571002859327E-4
0.0
1.3417915719704832E-4
1.3492661579487636E-4
9.379889050342434E-5
0.0
1.4398833741922844E-4
0.0
5.786297966063863E-5
3.694083563539301E-4
8.208797281784068E-5
1.8780663425485165E-4
1.434905227793603E-4
1.8140872746990046E-4
0.0
8.087077164844317E-5
1.5370192880140247E-4
0.0
0.0
1.9768890995040591E-4
0.0
0.0
7.25405233545707E-5
1.0094136918520643E-4
0.0
1.8845333332994565E-5
1.0768355785670855E-4
0.0012594344562854758
7.387178658251956E-6
9.999006845724921E-5
0.0
1.0975066348158984E-5
2.0840847901562216E-4
7.462028506473263E-5
4.15309779173504E-5
4.6387195355219253E-4
2.1465191070325654E-4
5.087873620112358E-5
1.1130056651286896E-4
0.0
6.358015778237653E-5
1.861505091476046E-5
9.34829831579792E-6
1.472046510245939E-4
2.959007132121069E-5
0.0
0.0
0.0
1.8708276742989126E-4
5.9415189278421014E-5
8.656547991785586E-5
1.3072203159482067E-4
8.302046018863451E-5
5.652042134568128E-5
1.0978691415248345E-5
5.288593590071148E-5
4.262803441352852E-5
0.0
1.131559328946929E-4
5.926306902060721E-5
9.282958867123036E-5
0.0
0.0
8.700435136188616E-5
4.5982831277261577E-4
3.541658713661648E-4
0.0
1.6728334918655917E-4
3.9779028501894055E-4
5.139633737939056E-4
1.3155555137687775E-4
7.893936450903707E-5
2.163502851453056E-5
0.0
0.0
0.0
6.04425097162705E-5
8.127128901284147E-5
8.526260437222483E-5
1.8045996042914184E-4
6.046561996263639E-5
0.0
3.638883523265536E-4
4.416930277479701E-5
0.0
0.0
0.0
1.0494775203152706E-6
8.327184307613442E-4
0.0
7.692049783957866E-4
0.0
1.4341011287624574E-4
0.0
3.556243127562689E-6
1.4514662749740725E-4
0.0
0.0
0.0
1.0068224157588104E-4
0.0
3.9607389578508764E-5
5.530363861717447E-6
0.0
7.327278626637625E-5
2.0450926102525698E-4
2.2814481170001252E-4
1.6530876135671882E-4
1.2065546766278675E-4
0.0
0.0
1.643491758602898E-4
0.0
2.1489086584610526E-4
9.637149917825932E-5
0.0
1.9087874120704942E-4
0.0
0.0
0.0
1.4264815197178476E-4
9.813821910405382E-5
0.0
0.0
5.994218592758352E-4
0.0
2.8828794556016226E-5
6.697641002585243E-6
0.0
1.1705480498446057E-4
6.992294856373776E-5
8.267382008563905E-5
0.0
0.0
1.479340509729617E-4
2.0906082527091574E-4
1.7932999872599724E-4
2.3336365772503708E-4
0.0
1.5180428130193862E-4
1.417471525763807E-4
0.0
2.277423922273317E-4
0.0
1.6270409918246344E-4
0.0
0.0
3.284830371786355E-4
1.9431031750847145E-4
1.0534502420607307E-4
0.0
0.0
0.0
1.615163514441441E-4
3.782373212104833E-5
0.0
7.431276694037026E-6
3.5135466127214307E-4
1.3959340024034215E-4
2.0976169830520812E-5
1.307203987513574E-4
8.278674217767208E-4
0.0
0.0
0.0
1.8738462856915433E-5
0.0
5.658169572355453E-7
0.0
4.247109349955966E-5
0.0
0.0
1.5355725475228565E-5
2.562503309307442E-4
3.108327296906556E-5
0.0
4.1279284477620075E-4
0.0
7.097416601994204E-5
1.2873346667473896E-4
6.819511392173522E-5
0.0
0.0
9.336627416384637E-5
0.0
6.024293809957781E-4
6.161568611705644E-5
0.0
0.0
1.5393226986427542E-4
4.80653169672339E-4
0.0
2.7488057217815238E-5
0.0
1.943743850419504E-4
4.916013315290946E-5
0.0
0.0
2.5861899875130715E-5
0.0
0.0
3.496203318467811E-4
0.0
0.0
0.0
4.203258506939189E-5
0.0
0.0
0.0
0.0
2.15362788889971E-4
0.0
0.0
1.3964096777514014E-6
0.0
1.7809894799221255E-4
0.0
0.0
0.0
0.0
0.0
8.084453416541871E-5
0.0
0.0
0.0
1.3970589281382114E-4
5.79557546944888E-5
1.8692768146173446E-5
0.0
0.0
4.758366031833931E-5
9.446380357323922E-4
2.1535059475565074E-4
1.952068282865111E-5
1.1200393371048112E-5
0.0
1.0548809259014449E-4
1.487819093203248E-4
3.4083966252456245E-4
0.0
0.0
0.0
0.0
2.052782467397115E-4
5.66492617757212E-4
1.2211320639444142E-4
2.5434045317907305E-5
0.0
1.5145210791670167E-4
1.503169800069825E-4
2.522272680141087E-5
0.0
0.0
1.033516277212929E-4
9.163059072390113E-5
0.0
0.0
9.777136619623033E-5
9.53188215129605E-5
0.0
1.263528136077982E-4
0.0
8.498690548848611E-5
0.0
0.0
0.0
1.1274686008606546E-4
5.949277502055738E-5
0.0
2.2524249547011555E-4
1.725096178406689E-4
8.863526915635117E-5
0.0
2.294691731231448E-4
1.1625032112620761E-4
0.0
2.646699056080512E-6
1.2892049537650827E-4
5.639480191214908E-4
7.792662032437185E-5
4.6700044473904704E-4
1.1883593642541376E-4
0.0
5.754091656566878E-5
2.4233590568077996E-4
8.729193215729032E-5
1.5706946572523916E-4
1.6544427269614274E-5
0.0
1.334369592999489E-4
2.7648373301813273E-5
0.0
1.5168653598105096E-4
1.9027405029060854E-5
0.0
8.26442655469378E-5
1.5665854429433818E-5
0.0
1.7981972143545194E-4
0.0
2.1937940464475703E-4
0.0
0.0
1.9341708402519333E-5
0.0
2.256351124518717E-4
0.0
0.0
2.070507533038579E-5
3.6010465244947604E-4
0.0
4.191554651992644E-5
0.0
0.0
0.0
1.0861974653235323E-4
6.411508073846143E-5
0.0
1.782880112899798E-4
1.3370500253391586E-4
1.478419170638486E-5
3.0431184254834464E-5
0.0
6.114832043434012E-5
3.0264023334933493E-4
7.4102424275115E-5
5.56911187656034E-5
9.320084284940791E-4
1.0280333882164508E-4
0.0
5.2251553240200544E-5
4.185250892544325E-5
4.924433346780795E-4
4.2169470993752015E-7
0.0
4.30073969653208E-5
0.0
1.873471303126918E-4
0.0
0.0
1.670597074820867E-5
0.0
4.88259104925285E-6
1.8235667807849274E-4
1.2766168868640602E-4
3.665084804692404E-4
6.224208870840707E-5
2.2987592485908502E-5
9.129260177562392E-6
7.20409820393394E-5
8.66940309986537E-5
0.0
4.787398632214174E-4
0.0
0.0
0.0
0.0
3.663194906419661E-5
3.4741869682325925E-4
3.426552766589011E-4
0.0
0.0
4.3194168147831725E-5
0.0
8.197024196825882E-4
0.0
8.708012395194266E-5
0.0
0.0
4.5777298828975466E-5
1.1032627006466752E-4
0.0
9.593780261779095E-5
0.0
0.0
5.218964299541603E-5
2.0472649604382492E-5
0.0
4.600676741334139E-6
2.087748929233956E-4
1.46491073405875E-4
3.3633016334739505E-4
0.0
9.136260901542184E-6
1.618564377793933E-4
5.611340429484685E-5
6.722816978110178E-5
0.0
0.0
0.0
0.0
2.1758888734919063E-4
1.0465750034444125E-4
0.0
5.079769903565158E-4
8.592101912011775E-5
0.0
4.3197745183686424E-5
3.31514672963434E-5
1.4913720554814478E-4
0.0
0.0
0.0
3.917404957147127E-5
0.0
0.0
4.204079398487195E-4
0.0
0.0
0.0
0.0
0.0
5.281387528095702E-4
0.0
2.5303224965466227E-4
1.6245511671669703E-4
0.0
0.0
0.0
0.0
3.0595205749421706E-5
0.0
3.779201802518198E-6
0.0
1.0313497608093086E-4
1.8160851179451628E-5
0.0
1.34571514274612E-4
0.0
6.969097319070934E-5
0.0
1.6477752854323946E-4
0.0
1.136866801224548E-5
1.0365470278495173E-4
0.0
0.0
0.0
1.3454984528454288E-4
0.0
4.545785501390172E-4
2.233257363669629E-4
8.304391184088753E-5
0.0
0.0
7.951316489499735E-5
1.8950747264042303E-4
0.0
2.9004816599997554E-4
7.854721733952136E-4
2.6259329528932835E-5
0.0
4.2644377345358014E-4
3.3633724142747103E-5
0.0
0.0
6.523824324809712E-5
0.0
3.7112451737907656E-4
2.4788502594498348E-5
1.0793904187691694E-4
1.2462088293686553E-4
1.2444584408197184E-4
3.298588424828879E-5
2.0918720188170471E-4
0.0
2.3373670335609034E-4
2.225719156350613E-4
9.365204817736606E-6
0.0
9.439979046510315E-6
1.4263148185631084E-4
3.312004047365582E-5
4.562022728390462E-5
0.0
0.0
8.598458082781168E-6
2.4427304828423034E-5
0.0
7.470080523125679E-6
0.0
4.5354656849881676E-5
0.0
6.17375768796675E-6
0.0
0.0
2.0429069227451125E-4
0.0
1.451503753122536E-4
2.2734665545636326E-5
2.727970743118599E-4
0.0
2.0825238714653308E-5
0.0
1.5155198843743557E-4
5.48957395667552E-5
1.369530937811639E-4
2.5081546845515403E-5
1.6511641545676106E-5
6.733560892036204E-5
1.2233433715506205E-4
0.0
0.0
6.914456115035687E-5
1.9249429249886067E-4
2.179768505190639E-4
4.2307920814562735E-5
1.2286990496995E-4
6.663879790400483E-4
1.073031870242084E-4
3.1601711039387956E-4
7.740995675545067E-5
3.491916319266889E-5
3.844502705795447E-5
1.3266753969498132E-5
0.0
3.807219718707766E-4
2.007707054699959E-4
2.4843850708993186E-4
0.0
1.7562026519661163E-4
5.18640240446692E-4
4.269160031339715E-5
0.0
6.212783081275985E-5
0.0
4.716797710067269E-4
0.0
1.6513587190227313E-4
0.0
9.998876536011313E-5
8.449495453211515E-5
2.19431058535561E-5
0.0
9.598685092794273E-5
5.281312306596758E-5
4.369678792677033E-6
0.0
2.7627178629210465E-5
0.0
4.6083942219015127E-4
5.657580879527081E-5
6.623610849214227E-5
0.0
6.0912876005805874E-5
7.210894829318274E-5
0.0
9.398737057402552E-5
0.0
0.0
0.0
1.2507615484805293E-4
3.8338837270304464E-5
1.3955048620782072E-5
9.349050535004271E-5
8.790441970712954E-5
0.001042817898918247
8.04487095393362E-5
8.302561589696717E-5
2.204236768666127E-4
0.0
3.4480822871124753E-4
2.5984993985428005E-4
4.463350635582365E-4
2.730442517532916E-4
0.0
0.0
0.0
2.273206858135185E-4
2.784259282831633E-4
0.0
2.3146338771656146E-5
3.899847354299745E-5
2.2958629763509964E-4
0.0
3.3676388203883516E-5
6.842310212838931E-6
2.0486790650929042E-4
0.0
9.316160957546316E-4
1.4930204832091837E-4
1.2776377841804202E-4
1.0756180980583789E-4
9.630136605296433E-5
4.2809886906200017E-4
0.0
4.538566242527693E-5
1.8152271821051047E-4
0.0
0.0
5.387627382457472E-4
8.965375716992851E-5
0.0
0.0
0.0
1.227007388811753E-4
1.882192081149963E-5
1.4959387911131933E-4
0.0
3.496509736934598E-5
2.513694919116815E-4
1.4722344971405596E-4
0.0
0.0
0.0
8.990856024598857E-5
2.7318404968526425E-4
0.0
0.0
2.4221747686368735E-4
3.556400625479058E-4
0.0
0.0
6.263970548652973E-5
6.7770450436896E-5
0.0
0.0
3.363429633372391E-4
0.0
1.0459335703508862E-4
1.546562621447589E-5
4.949635619294583E-5
0.0
9.331533590034607E-6
5.57587477316791E-5
2.589499934453179E-4
6.121852145555478E-5
0.0
0.0
0.0
7.245093845209641E-5
0.0
6.817306692707868E-5
1.0992973830918049E-4
1.1104140399887688E-4
2.4758981414150686E-4
0.0
0.0
5.595142896518245E-5
0.0
6.14660240127851E-5
0.0
0.0
1.499258620291519E-4
0.0
0.0
5.656685767196602E-4
1.211462500019623E-4
0.0
0.0
2.7288201214918422E-5
1.3415632368757866E-4
6.36284027020046E-4
0.0
1.9568755055026044E-4
4.2872316247436875E-4
2.3218741756797884E-5
0.0
2.900573461986021E-4
0.0
0.0
0.0
0.0
0.0
1.4479237396655104E-4
0.0
5.081363834002782E-6
6.417278907167986E-4
1.3732997813382922E-4
6.70636426428421E-5
1.2166784973698652E-4
0.0
0.0
1.448814677666064E-6
5.3620182157194275E-5
0.0
2.4632065651456392E-5
1.1901518244042664E-4
1.868043991259551E-4
2.162931095054797E-5
0.0
8.418752183641329E-6
4.7353387107081875E-5
3.388196968859478E-5
0.0
2.3690424519407547E-5
0.0
1.1083217198877221E-4
8.476771015275138E-5
0.0
0.0
0.0
1.629443876388349E-4
1.3861711986789816E-4
5.943046262951917E-5
4.843274800946216E-6
0.0
7.174845631418532E-7
3.828498706032024E-5
0.0
0.0
3.9776070939386045E-5
2.2350607647152505E-4
9.594595254822526E-5
0.0
0.0
1.7357885799402074E-4
3.0388820223863355E-5
0.0
4.116309491804442E-4
1.55533305296126E-4
0.0
0.0
2.2321169853717902E-4
1.427115961180481E-4
0.0
3.88842612733804E-5
0.0
4.090513428255445E-6
1.599332916014363E-5
0.0
2.6112118100367164E-4
1.0552273289136276E-4
0.0
0.0
0.0
7.884505971086934E-5
0.0
0.0
0.0
1.0354160812107433E-4
6.998577837980346E-5
1.0801799008240326E-4
0.0
0.0
-2.3701139266469671E-7
8.88634367651278E-4
0.0
0.0
2.8012276758526637E-6
0.0
1.0328997250319473E-4
5.225027016846135E-5
1.30942700841075E-4
2.4496656680945706E-4
0.0
0.0
0.0
0.0
0.0
0.0
0.0
0.0
0.0
0.0
1.455230612971878E-4
2.0722928954068375E-5
0.0
2.431017541183978E-4
-6.687377916282741E-7
1.0015054542839949E-4
0.0
0.0
0.0
0.0
0.0
0.0
0.0
5.034930857911559E-5
9.864518003605139E-5
0.0
0.0
0.0
0.0
3.091417927538891E-5
0.0
1.504093387021559E-4
1.2411915170290672E-5
0.0
0.0
0.0
0.0
8.022947913027415E-5
0.0
3.985325317057153E-4
0.0
0.0
0.0
0.0
1.0525542692212508E-5
0.0
2.4471008023735413E-5
0.0
0.0
1.4406440867586605E-4
0.0
0.0
8.015500863512776E-5
3.633090336437258E-6
1.5331085908890088E-4
1.634622543341748E-4
2.541343482922743E-5
0.0
5.2438436967446224E-5
6.04683774264221E-5
0.0
1.359276932764727E-4
5.801919257208148E-4
0.0
2.3571838365230196E-5
0.0
1.2193937017131393E-4
0.0
0.0
2.1425165881695302E-4
0.0
9.167704352342846E-5
7.240160340081099E-5
0.0
0.0
4.6202746487997565E-5
9.329526048993803E-5
0.0
1.702877817175956E-4
0.0
0.0
9.420158601863939E-5
1.7207581950596842E-5
1.8286919754810155E-4
1.9989138379793687E-4
0.0
0.0
0.0
2.16749641673168E-4
5.11046844758553E-4
2.2885499077528326E-5
0.0
9.296400916121619E-5
0.0
1.0683656537566781E-4
8.537564452225215E-5
1.1333680623153553E-4
6.722577659513157E-4
2.3515677275577938E-4
1.0801430547153516E-4
0.0
0.0
1.796028645910363E-4
1.063985497049487E-4
0.0
1.1653450281865278E-5
0.0
3.582772176173101E-5
7.255066888042944E-5
1.320835735154229E-5
1.8104857905327314E-4
0.0
1.0814929450311525E-4
1.5109380445396163E-4
5.01705647792165E-5
0.0
0.0
7.723635051003978E-4
2.9715722255584874E-4
4.510341561582215E-5
3.882373390234962E-5
0.0
3.0051332907076205E-5
0.0
2.2558405525780616E-5
6.3794903877009295E-6
1.2573524182236031E-5
1.4793608925584668E-4
0.0
1.0788932708350297E-4
1.1628657157533237E-5
1.9179183399868545E-4
1.495619283780536E-4
0.0
5.816073926504605E-5
6.158885892185106E-5
0.0
2.0972390850565188E-4
0.0
1.0361185560185809E-4
6.301378422744412E-5
8.490682037108183E-5
0.0
4.7841767238107734E-5
0.0
0.0
1.1335837304928795E-4
6.772682837484785E-4
0.0
6.16958326805923E-5
1.8162182243937938E-4
2.1280236375401985E-4
1.9076101545934305E-4
3.454284694602888E-5
3.738075658456792E-5
0.0
7.635762219418937E-5
2.2944840223722624E-4
0.0
3.680974099681265E-4
6.769446999328139E-4
1.6482471509797359E-4
0.0
0.0
0.0
9.560528424100792E-6
0.0
1.0837312022479206E-4
0.0
5.4876639438686924E-5
0.0
8.792098424394227E-5
1.9966083789150604E-4
2.208739427477837E-5
1.7233874765182758E-5
0.0
0.0
0.0
1.5336678069434377E-4
0.0
1.2655163968933555E-4
0.0
5.0765975334555374E-5
1.9598957911487647E-5
0.0
1.4603112388022604E-4
1.318658695273992E-4
0.0
2.1557891499267352E-4
1.2058478566579518E-4
0.0
3.532265671519355E-5
1.4453782771702364E-4
0.0
3.045112104244813E-4
2.340034942195582E-5
0.0
2.180038598349127E-5
0.0
0.0
0.0
0.0
0.0
0.0
0.0
0.0
1.568043921175808E-4
0.0
1.2883396915941938E-4
0.0
1.0381636023810841E-4
0.0
1.3222516386877535E-4
0.0
1.6778828790628932E-4
4.9562117295490504E-5
0.0
0.0
2.813819808183466E-5
0.0
2.455189498923479E-4
0.0
0.0
4.847667358869878E-4
0.0
2.242927331460711E-5
1.637399508503701E-4
0.0
0.0
2.4395581494080458E-4
6.746517385314373E-5
0.0
0.0
1.9620817556249972E-4
1.3129658433830532E-4
6.112757380945079E-5
0.0
0.0
1.625423668943864E-5
0.0
3.4939046960090146E-5
3.2756466471865986E-5
9.505853369663726E-5
0.0
1.047607102740368E-4
0.0
1.4850062587234838E-7
4.197024129688922E-5
1.155599095154841E-4
2.3969185664867483E-5
0.0
0.0
0.0
1.6296123487641824E-4
0.0
1.1271533342900791E-5
0.0
0.0
3.5026620511662546E-4
3.382190187776683E-4
1.1308414153620965E-4
6.09799886026736E-5
0.0
1.441496636875136E-4
3.987905676708907E-5
0.0
0.0
0.0
0.0
8.300092277007611E-5
1.5894509964002783E-4
0.0
8.348776357060657E-6
2.7614196972695197E-5
4.0247635382252876E-4
0.0
3.240987653890502E-5
8.48089164201267E-5
2.2659107839181244E-5
1.231713037875218E-4
0.0
0.0
9.307970682310701E-5
0.0
2.1456492386572572E-4
0.0
1.390522378456081E-4
4.619169093566052E-4
3.8977866374543934E-5
3.274903769398171E-4
0.0
0.0
6.697115418073896E-5
0.0
0.0
7.426808595066102E-5
1.9613020916284295E-4
0.0
1.4515083566870193E-5
3.9585141494065694E-4
0.0
0.0
0.0
3.113431318010728E-4
1.4093562081450104E-4
1.0249745304498277E-4
0.0
0.0
0.0
7.992442501025293E-5
0.0
5.155439975993921E-5
0.0
0.0
6.646897272234678E-6
2.9093592754776114E-5
3.811753055232228E-5
0.0
0.0
1.0717031161469776E-4
0.0
8.953329651343304E-5
0.0
0.0
1.267717640831388E-4
1.8504534716631656E-4
0.0
0.0
0.0
2.1463280027050172E-4
2.3488098793517864E-5
5.1450976284306236E-5
2.2633013061735817E-4
0.0
4.909743421329009E-4
0.0
0.0
0.0
1.3683764116902757E-4
2.2097329474518346E-4
1.5101357387813584E-5
7.43167188516524E-5
2.5507936224089815E-4
0.0
0.0
0.0
0.0
0.0
7.904519612337744E-5
7.585269540053372E-5
0.0
3.081356283608907E-5
2.27615017666287E-4
0.0
0.0
0.0
0.0
1.0375160988147838E-4
1.9888640999246856E-5
2.7133637648311736E-4
2.1201277376635162E-5
0.0
0.0
0.0
1.2494814666498658E-4
0.0
9.410530398145406E-5
0.0
0.0
1.3843064221823797E-4
0.0
0.0
2.0220314867134195E-4
5.3372712440398997E-5
0.0
1.202491629638871E-4
0.0
1.593897423522205E-5
4.278485891701885E-6
0.0
0.0
0.0
0.0
4.982887519621532E-6
1.5616655658252612E-4
1.193059914522397E-4
0.0
6.797565686903765E-6
0.0
5.2702672177487775E-5
2.1212521050690265E-5
1.0475539644965309E-4
0.0
2.5489414794627295E-5
0.0
1.1184061497374108E-4
0.0
1.6579198330983523E-4
2.4830181516575714E-5
1.7080518472571078E-4
2.988749433976246E-5
5.8695801847040114E-5
0.0
1.3961891449044178E-4
0.0
1.0989960728968196E-4
7.732031628014846E-5
2.124789608996972E-5
3.161188970724568E-4
4.285536193232933E-5
8.012788508989794E-5
0.0
0.0
6.025170118833434E-5
0.0
-4.17885597906759E-7
3.861176907956501E-5
8.141728643076879E-4
1.3877195750471448E-4
4.0133019335752926E-5
3.901630936885608E-4
4.3184617053402364E-5
0.0
5.460112966064187E-4
3.0048999575025897E-4
8.732593230992807E-5
0.0
3.174778342255369E-5
1.4214687113762154E-4
8.724288025041064E-5
0.0
2.3554985943371506E-5
0.0
3.268508705269286E-5
0.0
1.08330231666994E-4
0.0
1.6900592540032092E-4
0.0
1.3057119574358482E-5
0.0
4.063076546115829E-6
4.261471533892113E-4
0.0
1.983880669561461E-5
8.501845839976134E-5
0.0
8.27028192107314E-5
1.6284426320314625E-4
1.3687255557908712E-4
0.0
0.0
0.0
1.2343232239908735E-5
1.1047562734321153E-4
2.3959364943597366E-4
4.446979599558765E-5
0.0
3.065077937976825E-5
0.0
4.948618695246228E-5
0.0
1.6755336628723287E-5
0.0
1.7463134250843943E-4
2.9448632396995714E-4
0.0
0.0
4.1212183782306754E-5
1.1505084435684375E-5
7.597689769577072E-5
0.0
0.0
0.0
1.2028145406184944E-4
0.0
0.0
8.569459183741477E-5
0.0
0.0
0.0
0.0
1.0578342892426544E-4
0.0
0.0
0.0
0.0
0.0
1.053149511759026E-4
2.095175949685815E-4
0.0
0.0
0.0
1.4043797129281079E-4
3.808203094856213E-5
0.0
0.0
1.2204194245979961E-4
1.6079207370468033E-6
1.1273267590938554E-4
0.0
0.0
1.4416333439757167E-4
2.0887855520255872E-4
1.8920136604459828E-4
1.613408013573324E-4
1.2345918115186418E-4
8.94809050156449E-5
1.052324227893096E-4
9.469492842138392E-5
5.07786580903298E-5
7.759558606778095E-5
0.0
2.0891434371939055E-4
0.0
0.0
3.112588591391008E-5
0.0
0.0
0.0
4.068296287108265E-5
0.0
1.4382370823018772E-4
1.874107826182739E-4
0.0
0.0
0.0
0.0
1.3207922239769516E-4
0.0
0.0
6.07597532156074E-5
0.0
8.3747026730106E-5
1.3895704903226183E-4
2.1237032365152352E-4
0.0
0.0
0.0
0.0
2.631949067411936E-5
0.0
0.0
3.762203484112943E-4
0.0
0.0
0.0
0.0
0.0
2.3400099906090507E-4
0.0
3.985877404496863E-5
0.0
8.713861690197417E-5
0.0
6.930139580215123E-5
0.0
1.0495755597786701E-4
0.0
0.0
0.0
0.0
0.0
2.572261738465729E-5
4.716476915750376E-4
2.9261660170815985E-4
2.2740690012756902E-5
5.235070095282477E-5
1.180048264125943E-4
1.9263902255393943E-6
0.0
6.673736372285946E-5
1.2584225149988475E-4
0.0
1.2706249988534855E-4
1.8778197006035028E-4
2.2442489985779947E-4
0.0
1.874345987519665E-4
4.985368180652331E-6
1.8247427735119072E-4
0.0
7.86478602443679E-5
4.64822496774848E-5
4.6010565819611164E-5
7.149879395237597E-5
1.4929594374221678E-4
0.0
0.0
7.422477756514832E-5
7.729152568938646E-5
1.5340572741656202E-6
0.0
0.0
0.0
1.4318643656096203E-4
0.0
0.0
1.7979023962062367E-5
4.5037887133763466E-5
1.0904710416689904E-4
2.5099687572515236E-6
5.473874161865796E-6
1.6005971394533874E-4
2.7885129048050262E-5
1.8634921953893143E-4
0.0
7.066404539223603E-5
1.1842344859996411E-5
6.182584743577644E-5
2.084946076949927E-4
0.0
0.0
4.419923006003872E-5
0.0
9.273846105150354E-5
2.3749305281958082E-4
0.0
1.815558577133004E-5
4.894929156401404E-5
0.0
5.194962992163057E-5
0.0
1.4131856707353473E-5
3.1118378930840193E-4
2.9235982732494637E-6
3.1673929205975216E-4
1.4134321522230817E-4
1.369331997558105E-4
0.0
6.587289713485833E-5
0.0
0.0
5.7298319388722934E-5
1.3801611800141599E-4
1.4512448338449582E-4
0.0
0.0
5.9713507164775016E-5
2.580997246533494E-4
0.0
5.368170266626395E-5
0.0
1.9252381242843998E-4
7.291017781637532E-4
1.5674283794357578E-5
0.0
1.4837192487119838E-4
2.9562198820369317E-4
0.0
1.9946849774778533E-4
0.0
6.339790152241748E-5
1.8581287639938537E-4
9.118786700813939E-5
0.0
1.2430087186136618E-4
2.9181305091893146E-5
0.0
6.541796867787806E-5
2.4345552981763966E-4
9.756572463669253E-5
0.0
3.0268926035612564E-5
1.9336174968171817E-4
4.281988526929917E-5
1.3270487439345624E-6
1.0843555888388576E-4
0.0
5.917474399781705E-5
0.0
0.0
3.043450499546081E-4
0.0
2.2811647020159166E-4
1.338045309307008E-4
0.0
5.313767523428049E-5
0.0
0.0
1.159087902749653E-4
0.0
0.0
2.6602761467386254E-4
5.1955207841965027E-5
0.0
1.500122875882815E-4
0.0
2.017459617165129E-5
1.3598334096662705E-5
4.691312670148819E-5
7.37959791010206E-5
9.278820709315231E-5
0.0
0.0
1.424074284197987E-4
7.996891981625947E-5
0.0
0.0
0.0
1.5991393922071625E-4
1.4147549383998983E-4
1.1261775244607314E-4
0.0
7.923668639069878E-6
1.1901159282770547E-4
0.0
0.0
0.0
1.297141061331568E-4
0.0
4.908159710988681E-5
9.831908512737484E-5
3.8817252168392186E-4
6.312252787090516E-5
0.0
8.68059758678279E-5
0.0
7.363758158450931E-5
0.0
0.0
3.4535282348938264E-5
0.0
3.458666924340412E-4
4.864428849641121E-5
0.0
2.5475807615798567E-5
2.1504424184997178E-4
0.0
0.0
0.0
7.416752540358301E-5
1.2843570442880358E-4
0.0
0.0
7.007924597222885E-5
1.0910488810667341E-4
0.0
3.910149378457029E-5
1.8431250875108702E-5
2.3838231885969132E-4
8.75636430732324E-6
0.0
0.0
5.036187640914066E-5
0.0
0.0
8.257242486998263E-5
2.8616822412221016E-4
2.567472913340242E-4
0.0
0.0
0.0
0.0
1.3536343535556434E-4
0.0
1.1900998147368564E-5
0.0
0.0
2.55557568013509E-4
2.000557361518426E-5
0.0
0.0
0.0
2.4752954871966836E-4
1.298395183010941E-4
0.0
1.5837440139803932E-4
8.005523877281054E-5
0.0
0.0
0.0
0.0
0.0
0.0
1.1377023193563199E-4
1.50588553986152E-4
1.1266568785361484E-4
7.890019371346284E-5
0.0
0.0
9.46037908004348E-5
2.5440658514088352E-5
1.1487165388301145E-5
0.0
3.2587685871673033E-4
6.821703485939184E-5
2.9514362368560996E-5
0.0
0.0
0.0
0.0
1.166681762123422E-4
0.0
5.998599490875804E-4
6.383691192504577E-5
8.406189517082937E-5
1.0184253240960739E-4
0.0
7.414626004445512E-5
0.0
0.0
0.0
2.3221416309084692E-5
2.527064417628972E-4
8.301027858887519E-5
2.4258252433772508E-5
5.017553870647881E-5
1.8937929387140837E-4
0.0
0.0
0.0
0.0
0.0
0.0
2.1119058047253608E-4
5.6326204971871225E-5
5.5006045833128974E-5
0.0
1.87224114260198E-4
0.0
0.0
0.0
5.118655993691754E-5
0.0
0.0
1.5707852042696913E-4
1.5033724393972585E-4
8.681788315225828E-5
0.0
8.323014221318623E-6
0.0
1.6759228801490627E-4
0.0
8.905821978235306E-5
0.0
0.0
9.897663627421057E-4
2.8443328063920063E-4
0.0
4.0455182378894056E-5
5.945289045482717E-5
4.699078556461587E-4
0.0
0.0
7.949889741756684E-5
0.0
8.834766462033095E-5
1.2065971343957493E-4
0.0
8.6269304244612E-5
0.0
3.6313862599495626E-5
9.671320820156257E-5
0.0
0.0
0.0
2.3224499573422787E-4
9.465192612788721E-5
0.0
0.0
0.0
1.0259366521350385E-4
1.7493170600366603E-4
0.0
0.0
0.0
0.0
0.0
2.0857320449818204E-5
0.0
4.3935279181429255E-5
0.0
1.1400406430106054E-4
0.0
0.0
0.0
7.220638912175883E-5
1.4743223874293667E-6
0.0
2.1608601289975646E-5
8.018095432254974E-5
5.648865860101689E-4
0.0
0.0
2.3511518962925415E-6
1.0352545701038354E-4
3.114044767887503E-4
0.0
0.0
0.0
0.0
3.1494004942000416E-4
1.7521478023395165E-4
3.146048330299832E-4
1.7084591794280278E-4
4.674828012020853E-5
0.0
7.438774958132158E-5
0.0
9.846913107440828E-5
7.129187997878647E-5
0.0
0.0
0.0
4.509010353688921E-5
0.0
0.0
5.062277683462691E-7
4.119871207451499E-5
0.0
0.0
0.0
0.0
0.0
6.566113612752317E-5
0.0
8.593541486810621E-5
0.0
1.4341445333033547E-5
1.6681864660996872E-4
0.0
1.9051294533585058E-4
5.9566399846620134E-5
0.0
0.0
5.1500147793910544E-5
0.0
1.5833587811833014E-7
1.1213979021427163E-4
0.0
2.0185201152082645E-5
0.0
0.0
1.241562195227641E-4
0.0
9.288479502956069E-6
0.0
0.0
1.4534424476095862E-4
0.0
0.0
4.037247336899894E-5
0.0
0.0
0.0
0.0
1.491022846363199E-4
0.0
1.63344812984531E-4
0.0
0.0
0.0
2.3097160976402045E-4
9.403091742102236E-5
1.0145452273933194E-5
0.0
1.6967247408838407E-5
8.281940843661303E-5
2.8104472543314097E-5
3.029605086455319E-5
2.006663214060509E-4
8.02155348294317E-5
2.2984640209884427E-5
0.0
3.0714955382642164E-5
4.009810771380663E-5
0.0
0.0
1.0900509822088538E-4
7.108745848610888E-6
7.28943876006426E-5
0.0
0.0
0.0
4.96085152343911E-4
6.133210962744353E-5
1.0045168279990492E-5
0.0
0.0
0.0
1.0134282584005989E-4
1.73673556851247E-4
0.0
0.0
0.0
3.3571793358876345E-7
5.7895552130859825E-5
0.0
0.0
0.0
0.0
7.307824761110787E-5
8.516714351266866E-5
1.2374612217924763E-5
0.0
1.5328421514242238E-4
0.0
8.114002622907261E-6
4.574066669844345E-5
2.0867739029709803E-5
3.5675118889470615E-5
0.0
9.996217726252465E-5
1.894197397992339E-4
7.338701298123963E-5
0.0
1.0496463928121148E-4
0.0
2.4584318127134364E-5
0.0
3.472338863950749E-5
1.215981850721594E-4
0.0
0.0
1.1417267532212867E-4
2.810014147591603E-4
0.0
1.1271456426876669E-4
0.0
0.0
1.9743211116041973E-5
0.0
0.0
8.313729782250982E-5
0.0
0.0
0.0
1.2759369635737935E-4
0.0
1.3977884374179972E-4
1.1587501355716113E-4
0.0
3.315648350011642E-5
0.0
2.84786164092609E-5
0.0
0.0
0.0
1.176164786536992E-4
0.0
1.0853071418668248E-4
0.0
1.0588931625657033E-4
0.0
2.124596339053072E-4
1.900057016746047E-4
0.0
0.0
0.0
5.489932625526192E-5
0.0
0.0
0.0
0.0
4.444392262612587E-5
2.3827725507092226E-5
1.0468578070966572E-5
1.320328272399927E-5
4.619499561690354E-5
0.0
0.0
7.277639792047437E-6
1.5205833024178818E-4
0.0
2.1046461449969933E-4
1.3161444837452932E-4
0.0
0.0
1.0644760078207278E-4
0.0
1.6459342879048482E-4
1.4606493475770066E-4
0.0
0.0
1.6876639720336734E-5
0.0
0.0
0.0
0.0
1.0845912441416082E-4
2.3144900538827416E-4
5.621628984109745E-7
9.357783002343483E-5
3.6205726111831364E-5
0.0
0.0
0.0
2.974990458089205E-5
0.0
1.3825122071082658E-4
3.708520383102331E-5
2.047353407906607E-5
0.0
0.0
1.002121875293557E-4
0.0
9.362434804931212E-5
4.8979844084886805E-5
2.699417544792708E-5

0.024529692262293384
0.02740034587426375
0.019521426473232257
0.08047717326432796
0.08521783029067906
0.0853764222004684
0.06067192418576625
0.061990394328744064
0.054814791120225186
-0.06584879708813786
-0.06463972780036911
-0.0629471199769377
-0.046810698229214916
-0.051030600884534066
-0.05282638698414407
-0.05040913195986871
-0.054418374234596556
-0.051069162842196626
