ABL1(25)	0	0	0	1	0	1	1	1	0	0
ACPP(55)	0	0	0	0	0	0	0	0	0	0
ACTG1(71)	0	0	0	0	0	0	0	0	0	0
ACTN1(87)	0	0	0	0	0	0	0	0	0	0
ADD1(118)	0	0	1	0	0	0	0	0	0	0
ADD2(119)	0	0	0	0	0	0	0	0	0	0
ADM(133)	0	0	0	0	0	0	0	0	0	0
ADA(100)	0	0	0	0	0	0	0	0	0	1
PARP1(142)	0	0	0	0	0	0	0	0	0	0
ADRA2A(150)	0	0	1	0	0	0	0	0	0	0
ADRB2(154)	1	0	0	0	1	0	0	0	0	0
ACVR1(90)	0	0	0	0	0	0	0	0	0	0
AP1G1(164)	0	0	0	0	0	0	0	0	0	0
AGT(183)	0	0	0	0	0	0	0	0	0	1
ADRBK1(156)	0	0	0	0	0	0	0	0	0	0
ADRBK2(157)	0	0	0	0	0	0	0	0	0	0
AHR(196)	0	0	0	0	1	0	0	1	0	0
AKT1(207)	0	1	1	0	0	0	0	0	0	0
AKT2(208)	1	0	1	0	0	0	0	1	0	0
ALCAM(214)	0	0	0	0	0	0	0	0	0	0
ALDH2(217)	0	0	0	0	0	0	0	0	0	0
ALOX5(240)	0	0	0	0	0	0	0	0	0	1
A2M(2)	0	0	0	0	0	0	0	0	0	0
BIN1(274)	0	0	0	0	0	0	0	0	0	0
ANGPT1(284)	0	0	0	0	0	0	0	0	0	0
ANGPT2(285)	0	0	0	0	0	0	0	0	0	0
APC(324)	0	0	0	0	0	0	0	0	0	0
APEX1(328)	0	0	1	0	0	1	0	1	0	1
BIRC4(331)	0	0	0	0	0	0	0	0	0	0
ACVRL1(94)	0	0	0	0	0	0	0	0	0	0
BIRC5(332)	0	0	0	0	0	0	0	0	0	0
ABCA1(19)	0	1	0	0	0	0	0	0	0	1
APOE(348)	0	0	0	0	0	0	0	0	0	0
FAS(355)	0	0	0	0	0	1	0	0	1	0
APAF1(317)	0	0	1	0	0	1	0	0	0	0
AES(166)	1	0	0	0	0	0	0	0	1	0
ARAF(369)	0	0	0	0	0	0	0	1	0	0
TRIM23(373)	0	0	1	0	0	0	0	0	1	0
RHOA(387)	1	1	0	0	0	0	0	1	0	0
RHOC(389)	0	0	0	0	0	0	0	0	0	0
ARHGAP1(392)	0	0	0	0	0	0	0	0	0	0
RND3(390)	0	0	0	0	0	0	0	0	0	0
ACTL6A(86)	0	0	0	0	0	0	0	0	0	1
RHOB(388)	0	0	0	0	0	0	0	0	0	0
ARHGDIB(397)	0	0	0	0	0	0	0	0	0	0
ARNT(405)	0	0	0	0	0	0	0	0	0	0
ARR3(407)	1	0	0	0	0	0	0	0	0	0
AP2B1(163)	0	0	0	0	0	0	0	1	0	0
ATF1(466)	0	0	0	0	1	0	0	0	0	1
ATF3(467)	0	0	0	0	0	0	0	1	0	0
ATM(472)	0	0	0	0	0	0	0	0	0	0
ATP1A1(476)	0	0	0	0	0	0	0	0	0	0
ARRB2(409)	0	0	0	0	0	0	0	1	0	0
AXL(558)	1	0	0	0	0	0	0	0	0	0
ADAM10(102)	0	0	0	0	0	0	0	0	0	0
B2M(567)	0	0	0	0	0	0	0	0	0	1
BAK1(578)	0	0	0	0	0	0	0	0	0	0
BCL2(596)	1	0	0	0	1	0	0	1	0	1
BAG1(573)	0	0	1	0	0	0	0	0	0	1
BAD(572)	0	0	0	0	0	0	0	1	0	0
BCL2L1(598)	0	0	0	0	0	0	0	0	0	0
BCL6(604)	0	0	0	0	0	0	0	1	0	0
BCR(613)	0	0	1	0	0	0	0	0	0	0
CEACAM1(634)	0	0	0	0	0	0	0	0	0	0
BCL2A1(597)	0	0	0	0	0	0	0	1	0	0
BLMH(642)	0	0	0	0	0	0	0	0	0	0
BLR1(643)	0	0	0	0	0	0	0	0	0	0
PCGF4(648)	0	0	0	0	0	0	0	0	0	0
BMP7(655)	0	0	0	0	0	0	0	0	0	0
BMP6(654)	0	0	0	0	0	0	0	0	0	0
BMPR1A(657)	0	0	0	0	0	0	0	0	0	0
BNIP1(662)	0	0	0	0	0	0	0	0	0	0
BNIP2(663)	0	0	0	0	0	0	0	0	0	0
BNIP3(664)	0	0	0	0	0	0	0	0	0	0
BNIP3L(665)	0	0	0	0	0	0	0	1	0	0
CCND1(595)	0	0	0	0	0	0	0	0	1	0
BRCA1(672)	0	1	0	0	0	0	1	0	0	1
ATR(545)	0	0	0	0	0	0	0	0	1	0
BRAF(673)	0	0	0	0	0	1	0	0	0	0
BTK(695)	1	0	0	0	0	1	0	0	0	0
BMX(660)	0	0	0	0	0	0	0	0	0	0
BRCA2(675)	0	0	1	0	0	1	0	0	0	0
C1QBP(708)	1	0	0	0	0	0	0	0	0	0
C5(727)	0	0	0	0	0	0	0	0	0	0
C5AR1(728)	0	0	0	0	0	0	0	0	0	0
DDR1(780)	0	0	0	0	0	0	0	0	0	0
CACNA1A(773)	0	0	0	0	0	0	0	0	0	0
CAD(790)	0	0	0	0	0	0	0	0	0	0
ATP2B1(490)	0	1	0	0	0	0	0	0	0	0
CALD1(800)	1	0	0	0	0	0	1	0	0	0
CALM1(801)	1	1	1	0	0	1	0	0	1	0
CALR(811)	1	0	1	0	0	0	0	0	0	1
CAMK2G(818)	1	0	0	0	0	0	0	0	0	0
CAPN3(825)	0	0	0	0	0	0	0	0	0	0
CASP1(834)	0	0	0	0	0	0	0	1	0	0
CASP3(836)	0	0	1	0	0	1	0	0	0	0
BIRC3(330)	0	0	1	0	0	0	0	0	0	0
BIRC2(329)	0	0	0	0	0	0	0	0	0	0
BLM(641)	0	0	0	0	0	0	1	0	0	0
CASP4(837)	0	0	0	0	0	0	0	0	0	0
CASP5(838)	0	0	0	0	0	0	0	0	0	0
CASP7(840)	0	0	0	0	0	0	0	1	0	0
CASP8(841)	0	0	0	0	0	1	0	0	0	0
CASP6(839)	0	0	0	0	0	1	0	1	1	0
CASP9(842)	0	0	0	0	0	0	0	0	0	0
CASP10(843)	0	0	0	0	0	0	0	0	0	0
CAT(847)	0	0	0	0	0	0	0	0	0	0
RUNX1(861)	0	0	0	0	0	0	0	1	0	0
RUNX3(864)	1	0	0	0	0	0	0	0	0	0
RUNX2(860)	0	0	0	0	0	0	0	0	0	0
CBFB(865)	0	0	0	0	0	0	0	0	0	0
BLK(640)	0	0	0	0	0	0	0	1	0	0
BTG1(694)	0	0	0	0	0	0	0	0	0	0
AREG(374)	0	0	0	0	0	0	0	0	0	0
CCNB1(891)	1	0	0	0	0	0	0	0	0	0
CD3D(915)	0	0	0	0	0	0	0	0	0	0
CD2(914)	0	0	0	0	0	0	0	0	0	0
CD4(920)	1	0	0	0	0	1	0	0	0	1
CAMK2D(817)	1	0	0	0	0	0	1	1	0	1
CD5(921)	0	0	1	0	0	0	0	0	0	0
CD8A(925)	0	0	0	0	0	0	0	0	0	0
CD8B1(926)	0	0	0	0	0	0	0	0	0	0
CD9(928)	0	0	1	0	0	0	0	1	0	1
CD19(930)	0	0	1	0	0	0	0	0	0	0
CD80(941)	0	0	0	0	0	0	0	0	0	0
CD86(942)	0	0	0	0	0	0	0	0	0	0
TNFRSF8(943)	0	0	0	0	0	0	0	0	0	0
MS4A1(931)	0	0	0	0	0	0	0	0	0	0
CD40(958)	0	0	0	0	0	0	1	0	0	0
CD44(960)	0	0	0	0	0	0	0	0	0	0
ANK1(286)	0	0	0	0	0	0	0	0	0	0
TNFRSF7(939)	0	0	0	0	0	0	0	0	0	0
CD74(972)	1	0	0	0	0	0	0	0	0	0
CD1D(912)	1	0	0	0	0	0	0	0	0	0
CD79A(973)	0	0	1	0	0	0	0	0	0	0
CD81(975)	0	0	0	0	0	0	0	0	0	0
CCNE1(898)	1	0	0	0	0	0	0	0	1	1
CCNA2(890)	0	0	0	0	0	0	0	0	1	0
BUB1(699)	0	0	0	0	0	0	0	0	0	0
CCND3(896)	0	0	0	0	1	0	0	0	0	0
CDC20(991)	1	0	0	0	0	0	0	0	0	0
BUB1B(701)	0	0	0	0	0	0	0	0	0	0
CDC2(983)	0	1	0	0	0	0	1	1	1	0
CDH1(999)	0	0	1	0	0	0	0	1	0	0
CDH3(1001)	0	0	0	0	0	0	0	0	0	0
CDH2(1000)	0	0	0	0	0	0	0	0	0	0
CDC25A(993)	0	0	0	0	0	0	0	0	0	1
CCNH(902)	0	0	0	0	1	1	0	0	1	0
CDC6(990)	0	0	0	0	0	0	0	0	0	0
CCND2(894)	0	0	0	0	0	0	0	0	0	0
CDK5(1020)	0	0	0	0	0	0	0	0	0	0
CCNG1(900)	0	0	0	0	1	0	0	1	0	0
CDK6(1021)	1	0	0	0	0	0	0	0	0	0
CDK2(1017)	0	0	0	0	0	1	0	0	0	0
CDK7(1022)	0	0	0	0	0	1	0	0	0	1
CCNT2(905)	0	0	0	0	0	0	1	0	0	0
CDKN1A(1026)	0	0	1	0	0	0	0	1	0	0
CDK4(1019)	0	0	0	0	0	0	0	0	0	0
CDKN2A(1029)	0	0	1	0	0	0	0	0	0	0
CDKN3(1033)	0	0	0	0	0	0	0	0	1	0
CEBPB(1051)	0	0	1	0	0	0	0	1	0	0
ATF4(468)	0	0	0	0	0	0	0	0	0	0
CENPB(1059)	0	0	0	0	0	0	0	0	0	0
CENPE(1062)	0	0	0	0	0	0	0	0	0	0
CENPF(1063)	0	0	0	0	0	0	0	0	0	0
CHD3(1107)	1	0	0	0	0	0	1	1	0	0
CDC25C(995)	0	0	0	0	0	0	0	0	0	1
CDC25B(994)	0	0	0	0	0	0	0	0	0	0
CHUK(1147)	0	0	0	0	0	0	0	1	0	0
CDKN1B(1027)	1	0	0	0	0	0	0	0	0	0
CKS1B(1163)	0	0	0	0	0	0	0	0	0	0
CKS2(1164)	1	0	0	0	0	0	0	0	0	0
CD22(933)	0	0	0	0	0	0	0	0	1	0
CLK1(1195)	0	0	0	0	0	0	0	0	0	0
CLK2(1196)	0	0	0	0	0	0	0	0	0	0
CLTC(1213)	0	0	0	0	0	0	0	0	1	0
CLTB(1212)	0	0	0	0	0	0	0	0	0	0
CCR1(1230)	0	0	1	0	0	0	0	0	1	0
CCR2(1231)	0	0	1	0	0	0	0	0	0	0
CD36(948)	0	0	0	0	0	0	0	1	0	0
COL2A1(1280)	0	0	0	0	0	1	0	0	0	0
COL4A1(1282)	0	0	0	0	0	1	0	0	0	0
ANXA6(309)	0	0	0	0	0	0	0	0	0	0
CR2(1380)	0	0	0	0	0	0	0	0	0	0
BCL3(602)	0	0	0	0	0	0	0	0	0	0
CREB1(1385)	0	0	0	0	0	0	0	0	0	0
CREBBP(1387)	1	0	0	0	1	1	0	0	0	1
CAMK4(814)	0	0	0	0	0	0	0	0	0	0
CREM(1390)	1	0	0	0	0	0	0	0	0	1
CRK(1398)	0	0	0	0	0	0	0	0	0	0
CD34(947)	0	0	0	0	0	0	0	0	0	0
CBLB(868)	0	0	0	0	0	0	0	1	0	0
ZFP36L1(677)	0	0	0	0	0	0	0	0	0	0
CSF1(1435)	0	0	0	0	0	0	0	0	0	0
CSF1R(1436)	0	0	1	0	0	0	0	0	0	1
CSF2RA(1438)	0	0	0	0	0	0	0	0	0	0
CSF2RB(1439)	0	0	1	0	0	1	0	0	0	0
CISH(1154)	0	0	0	0	0	0	0	0	0	0
CSF3R(1441)	0	1	0	1	0	0	0	0	0	0
CSK(1445)	0	0	0	0	0	0	0	0	0	0
CDH5(1003)	0	0	0	0	0	0	0	1	0	0
CSNK1E(1454)	0	0	0	0	0	0	0	0	0	0
CSNK2A1(1457)	0	0	1	0	0	0	0	1	0	1
MAPK14(1432)	0	0	1	0	0	0	0	0	1	0
CSNK2A2(1459)	0	1	0	0	0	0	0	0	1	1
CHEK1(1111)	0	1	0	0	0	1	0	1	0	1
CDC42(998)	1	0	1	0	0	0	0	0	1	0
CTLA4(1493)	0	0	0	0	0	0	0	1	0	0
CSNK1A1(1452)	1	0	0	0	0	0	0	0	0	0
CSNK1D(1453)	0	0	0	0	0	0	0	0	0	0
CTNNA1(1495)	0	0	0	0	1	0	0	0	0	0
ACP1(52)	0	0	0	0	0	0	0	0	0	0
BCL9(607)	0	0	0	0	0	0	0	0	0	0
CTNNB1(1499)	0	0	0	0	0	0	0	0	0	0
CTNND2(1501)	0	0	0	0	0	0	0	0	0	0
CTSB(1508)	0	0	0	0	0	0	0	0	1	0
CTSL(1514)	0	1	0	0	0	0	0	1	0	0
CD7(924)	0	0	0	0	0	0	0	0	0	0
CYBA(1535)	0	0	0	0	0	0	0	0	1	0
CYP11A1(1583)	0	0	0	0	0	0	1	0	0	0
CRKL(1399)	0	0	0	0	0	0	0	0	0	0
CD14(929)	0	0	0	0	0	0	0	0	0	0
DAF(1604)	0	0	0	0	0	0	0	0	0	0
DAPK1(1612)	0	0	0	0	0	0	0	0	0	0
ATRX(546)	1	1	0	0	0	0	0	0	0	0
COL4A5(1287)	0	0	0	0	0	0	0	0	0	0
DCTD(1635)	0	0	0	0	0	0	0	0	0	0
ERCC8(1161)	0	0	0	0	0	0	0	1	0	0
DDB1(1642)	0	0	0	0	0	0	0	0	0	0
DHX9(1660)	0	0	0	0	0	0	0	0	0	0
DFFA(1676)	1	0	0	0	0	0	0	0	0	0
CENPA(1058)	0	0	0	0	0	0	0	0	0	0
SEPT1(1731)	0	0	0	0	0	0	0	0	1	0
DLD(1738)	0	0	0	0	0	0	0	0	0	0
DAP(1611)	0	0	0	0	0	0	0	0	0	0
DMD(1756)	0	0	0	0	0	0	0	0	0	0
DNMT1(1786)	0	0	1	0	0	0	1	0	0	0
DPP4(1803)	1	0	0	0	0	0	0	0	0	0
CRMP1(1400)	0	0	0	0	0	0	0	0	0	0
CRIP2(1397)	0	0	0	0	0	0	0	0	0	0
DMPK(1760)	0	0	0	0	0	0	0	0	0	0
RERE(473)	0	0	0	0	0	0	0	0	0	0
TSC22D3(1831)	1	0	0	0	0	0	0	0	0	0
DTX1(1840)	0	0	0	0	0	0	0	1	0	0
DUT(1854)	0	0	0	0	0	0	0	0	0	0
DVL2(1856)	1	0	0	0	0	0	0	0	0	0
DAB2(1601)	0	0	0	0	0	0	1	0	0	0
DVL3(1857)	0	0	0	0	0	0	0	0	0	0
DDB2(1643)	0	0	0	0	0	0	0	0	0	0
E2F1(1869)	1	0	0	0	0	0	0	0	0	0
EBF(1879)	0	0	0	0	0	0	0	0	0	0
EDN1(1906)	0	0	0	0	0	0	0	0	0	0
PHC2(1912)	0	0	0	0	0	0	0	0	0	0
EEF1A1(1915)	1	0	0	0	0	0	0	0	0	1
DNMT2(1787)	0	0	0	0	0	0	0	0	0	1
DARS(1615)	0	0	0	0	0	0	0	0	0	0
CD48(962)	0	0	0	0	0	0	0	0	0	0
EFNB1(1947)	0	0	0	0	0	0	0	0	1	0
EFNB2(1948)	1	0	0	0	0	0	0	0	0	0
DUSP3(1845)	1	0	0	0	0	0	0	0	0	0
KLF6(1316)	0	0	0	0	0	0	0	1	0	0
ACP5(54)	0	0	0	0	0	0	1	0	0	0
EIF2S1(1965)	0	0	0	0	0	0	0	0	0	0
EIF2B1(1967)	0	0	0	0	0	0	0	0	0	0
EFNA1(1942)	0	0	0	0	0	0	0	0	0	0
EFNA5(1946)	0	0	0	0	0	0	0	0	0	0
EIF4E(1977)	0	0	0	0	0	0	0	1	0	1
EIF4G1(1981)	0	0	0	0	0	0	0	0	0	0
EIF4G2(1982)	0	0	1	0	0	0	0	0	0	1
ENG(2022)	0	0	0	0	0	0	0	0	0	0
ENO2(2026)	0	1	0	0	0	0	0	0	0	0
ELK1(2002)	1	0	0	0	0	0	0	0	0	0
EGR1(1958)	0	0	0	0	0	0	0	1	0	0
EP300(2033)	0	0	1	0	1	1	1	1	0	0
CHD4(1108)	0	0	0	0	0	1	1	0	0	0
E2F5(1875)	0	0	0	0	0	0	0	0	0	0
EPB41(2035)	0	0	0	0	0	0	0	0	0	0
CD47(961)	1	0	0	0	0	0	0	1	0	0
EPB42(2038)	0	0	0	0	0	0	0	1	0	0
EPHB2(2048)	1	1	0	0	0	0	0	1	1	1
EPHB3(2049)	0	0	0	0	0	0	0	0	0	0
EPS8(2059)	0	0	1	0	0	0	0	0	0	0
EPS15(2060)	0	0	0	0	0	0	0	0	0	0
ERBB2(2064)	0	0	0	0	0	0	0	0	0	0
ERBB4(2066)	0	0	0	0	0	0	0	0	0	0
CTGF(1490)	0	0	0	0	0	0	0	0	0	0
ERCC2(2068)	0	0	0	0	0	0	0	0	0	0
ERCC1(2067)	0	0	0	0	0	0	0	0	0	0
ERCC5(2073)	0	0	0	0	0	0	0	0	0	0
ERG(2078)	0	0	0	0	0	0	0	0	0	0
ESRRA(2101)	0	0	0	0	0	0	0	0	0	0
ETS1(2113)	0	1	0	0	0	0	0	0	0	0
ETS2(2114)	0	0	0	0	0	0	0	0	0	0
ETV6(2120)	0	0	0	0	0	0	0	0	0	0
CEACAM5(1048)	0	0	0	0	0	0	0	0	0	0
EWSR1(2130)	1	0	0	0	0	0	0	1	0	1
EXT2(2132)	0	0	0	0	0	0	0	0	0	0
CTSG(1511)	0	0	0	0	0	0	0	0	0	1
F5(2153)	0	0	0	0	0	0	0	0	0	0
F3(2152)	0	0	0	0	0	0	0	0	0	0
FANCA(2175)	0	0	0	0	0	0	0	0	0	0
FANCC(2176)	0	0	0	0	0	0	0	0	0	0
PTK2B(2185)	1	0	0	1	0	0	0	0	0	1
CYP19A1(1588)	0	0	0	0	0	0	0	0	0	0
FAP(2191)	0	0	1	0	0	0	0	0	0	0
FBP1(2203)	0	0	0	0	0	0	0	0	0	0
FCGR1A(2209)	0	0	0	1	0	0	0	0	0	0
CD38(952)	0	0	0	0	0	1	0	0	0	0
FCER1G(2207)	0	0	0	0	0	0	0	0	0	0
FCGRT(2217)	0	0	0	0	0	0	0	0	0	0
FER(2241)	0	0	0	0	0	0	0	0	0	0
FES(2242)	0	0	0	0	0	0	0	0	0	0
DOK1(1796)	0	0	1	0	0	0	0	1	0	0
FGF1(2246)	0	0	0	0	0	0	0	1	0	0
FGF2(2247)	0	0	0	0	0	0	0	0	0	0
COL6A1(1291)	0	0	0	0	0	0	0	0	0	0
COL3A1(1281)	0	0	0	0	0	0	0	0	0	0
FGF9(2254)	0	0	0	0	0	0	0	0	0	0
FGFR1(2260)	0	0	0	0	0	0	0	0	1	0
FGF5(2250)	0	0	0	0	0	0	0	0	0	0
FGFR3(2261)	0	0	0	1	0	0	0	0	0	0
CTSK(1513)	0	0	0	0	0	0	0	0	0	0
CD24(934)	0	0	0	0	0	0	0	0	0	0
FGR(2268)	0	0	0	0	0	0	0	0	0	0
FIGF(2277)	0	0	0	0	0	0	0	0	0	0
DYRK1A(1859)	0	0	0	0	0	0	0	1	0	0
FLNA(2316)	0	1	1	0	0	0	0	1	0	1
FLNB(2317)	0	0	0	0	0	0	0	0	0	0
FLT1(2321)	1	0	0	0	0	0	0	0	0	0
FLT3LG(2323)	1	0	0	0	0	0	0	0	0	0
FLT4(2324)	0	0	0	0	0	0	0	1	0	0
COL6A2(1292)	0	0	0	0	0	0	0	0	0	0
DDIT3(1649)	0	0	0	0	0	0	0	0	0	0
FOS(2353)	0	1	0	0	0	0	0	1	0	1
FTH1(2495)	0	0	0	1	0	0	0	0	0	0
FTL(2512)	0	0	0	0	0	0	0	0	0	0
FUS(2521)	0	0	0	0	0	1	0	0	0	1
FCGR2A(2212)	0	0	0	0	0	0	0	1	0	0
FCER2(2208)	0	0	0	0	0	0	0	0	0	1
CD79B(974)	0	0	0	0	0	0	0	0	0	0
FYB(2533)	0	0	1	0	0	0	0	0	0	0
FOXO1A(2308)	0	0	0	1	0	0	0	1	0	0
FMNL1(752)	0	0	0	0	0	0	0	0	0	0
FANCG(2189)	0	0	0	0	0	1	0	0	0	0
GAD1(2571)	0	0	0	0	0	0	0	0	0	0
GAPDH(2597)	0	0	0	0	0	0	0	0	0	0
CELSR2(1952)	0	0	0	0	0	0	0	1	0	0
FLI1(2313)	0	0	0	0	0	0	0	0	0	0
FNTB(2342)	0	0	0	0	0	0	0	0	0	0
GBP1(2633)	0	0	0	0	0	0	0	0	0	0
XRCC6(2547)	0	1	0	0	0	0	0	0	0	1
CDKN2C(1031)	0	0	0	0	1	0	0	0	0	0
RHOH(399)	0	0	0	0	0	0	0	0	0	0
CD53(963)	0	0	0	0	0	0	0	0	0	0
GHR(2690)	0	0	0	0	0	0	0	0	0	0
GNAI1(2770)	0	0	1	0	0	0	0	0	0	0
EDG1(1901)	0	0	0	0	0	0	0	0	0	0
FPR1(2357)	0	0	0	0	0	0	0	0	0	0
GNAI3(2773)	0	0	0	0	0	0	0	0	0	0
CD59(966)	0	0	0	0	0	0	0	0	0	0
GNAO1(2775)	0	0	0	0	0	0	0	0	0	0
BDKRB1(623)	0	0	0	0	0	0	0	0	0	0
GNAQ(2776)	1	0	0	0	0	0	0	0	0	0
GNAS(2778)	0	0	0	0	0	0	0	0	0	0
GNAZ(2781)	0	0	0	0	0	0	0	0	0	0
GNB1(2782)	1	0	0	0	0	0	0	0	0	0
GNB2(2783)	0	0	0	0	0	0	0	0	0	0
GPI(2821)	0	0	0	0	0	0	0	0	0	1
AMFR(267)	0	0	0	0	0	0	0	0	0	0
CCR7(1236)	0	0	0	0	0	0	0	0	0	0
GRK5(2869)	0	0	0	0	0	0	0	0	0	0
GRB2(2885)	0	0	0	0	0	0	1	1	0	1
CD72(971)	0	0	0	0	0	0	0	0	0	0
GAB1(2549)	0	0	0	0	0	0	0	0	0	0
FYN(2534)	0	1	0	0	1	0	0	1	0	1
CDK9(1025)	1	0	0	1	0	0	0	0	0	0
GRIK1(2897)	0	0	0	0	0	0	0	0	0	0
EPHB4(2050)	0	0	0	0	0	0	0	0	0	0
NR3C1(2908)	1	0	0	0	0	0	0	0	0	0
SFN(2810)	0	1	0	0	0	0	0	0	0	1
CXCL1(2919)	0	0	0	0	0	0	0	0	0	0
ENO1(2023)	0	0	0	0	0	0	0	0	0	0
CXCL2(2920)	0	0	0	0	0	1	0	0	0	0
MARK2(2011)	0	0	0	0	0	0	0	0	1	0
GSK3B(2932)	0	0	0	0	0	0	0	0	1	0
FN1(2335)	0	0	0	0	0	1	0	0	0	0
GSPT1(2935)	0	0	0	0	0	0	0	0	0	0
GSTP1(2950)	0	0	0	0	0	0	0	0	0	0
GTF2A1(2957)	0	0	0	0	0	0	0	0	0	0
ERCC3(2071)	0	1	0	0	0	0	0	0	0	0
ERCC6(2074)	0	1	0	0	0	0	0	1	0	1
GTF2F2(2963)	0	0	0	0	0	0	0	0	0	0
GTF2I(2969)	0	0	0	0	0	0	0	0	0	0
PDIA3(2923)	0	0	0	0	0	0	0	0	0	0
GZMA(3001)	0	0	0	0	0	0	0	0	0	0
GZMB(3002)	0	0	1	0	0	1	0	1	0	0
H2AFX(3014)	0	0	0	0	0	0	0	0	0	0
HBB(3043)	0	0	0	0	0	0	0	0	0	0
HBZ(3050)	0	0	0	0	0	0	0	0	0	0
SERPIND1(3053)	0	0	0	0	0	0	0	0	0	1
HCFC1(3054)	0	0	0	0	0	0	0	0	0	0
GABPB2(2553)	0	0	0	0	0	0	0	0	0	0
HCK(3055)	0	0	0	0	1	0	0	0	1	1
RAPGEF1(2889)	0	0	0	0	0	0	0	0	0	0
CHD1(1105)	0	0	0	0	0	0	0	0	0	0
HDAC1(3065)	0	1	0	0	0	0	0	0	0	0
CD63(967)	0	0	0	0	0	0	0	0	0	0
HLA-DPA1(3113)	0	0	0	0	0	0	0	0	0	0
CUTL1(1523)	0	0	0	0	0	1	0	0	0	0
HMGN2(3151)	0	0	0	0	0	1	1	1	0	0
ELF1(1997)	1	0	0	0	0	0	0	1	0	0
NR4A1(3164)	0	0	1	0	0	0	0	1	0	0
FEN1(2237)	0	0	0	0	0	0	0	0	0	0
HNRPK(3190)	0	0	0	0	0	0	0	0	0	0
HNRPA2B1(3181)	0	0	0	0	0	0	0	1	0	0
CSE1L(1434)	0	0	0	0	0	0	0	0	0	0
TLX1(3195)	0	0	0	0	0	0	0	0	0	0
CDC27(996)	1	0	0	0	0	1	0	0	0	0
HRB(3267)	0	0	0	0	0	0	0	0	0	0
FBL(2091)	0	0	0	0	0	0	0	0	0	0
HRMT1L2(3276)	1	0	0	0	0	0	0	0	0	1
GSK3A(2931)	1	1	0	0	0	0	0	0	0	0
CD58(965)	0	0	0	0	0	0	0	0	0	0
DUSP1(1843)	0	1	0	0	0	0	0	0	0	0
DPH1(1801)	0	0	0	0	0	0	0	0	0	0
EPRS(2058)	0	0	0	0	0	0	0	0	0	0
HSPCA(3320)	0	0	0	0	0	0	0	0	0	0
HIF1A(3091)	0	0	0	0	0	0	0	1	0	0
GBP2(2634)	0	0	0	0	0	0	1	0	0	0
GNA11(2767)	0	0	0	0	0	0	0	0	0	0
HSPA5(3309)	0	0	1	0	0	0	0	0	0	0
GARS(2617)	0	0	0	0	0	0	0	0	0	0
ICAM1(3383)	0	0	0	0	0	0	0	0	0	0
HES1(3280)	1	0	0	0	0	0	0	0	1	0
ID2(3398)	1	0	1	0	0	0	0	0	0	0
ELK3(2004)	0	0	0	0	0	0	0	0	0	0
ID3(3399)	0	0	0	0	1	0	0	1	0	0
ID1(3397)	0	0	0	0	0	0	0	0	0	0
IFNAR1(3454)	1	0	1	0	0	0	0	0	0	0
IFNAR2(3455)	0	0	0	0	0	0	0	0	0	0
IFNG(3458)	0	0	0	0	0	0	0	0	0	0
IFNGR1(3459)	0	0	0	0	1	1	0	0	0	0
HDAC2(3066)	0	1	0	0	0	0	0	0	0	0
IGF1(3479)	0	0	0	0	0	0	0	0	0	0
GNAI2(2771)	0	0	1	0	0	0	0	0	0	0
IGF2R(3482)	0	0	0	0	0	0	0	0	0	0
IKBKB(3551)	0	0	0	0	0	0	0	0	0	0
IL1B(3553)	0	0	0	0	0	0	0	0	0	0
IL1R1(3554)	0	0	0	0	0	0	0	0	0	0
IL2RB(3560)	1	0	0	0	0	0	0	0	0	0
HRAS(3265)	0	0	1	0	0	1	0	0	0	0
IL2RG(3561)	0	0	0	0	0	0	0	0	0	0
IL6(3569)	0	0	0	0	0	0	0	0	0	0
IL6R(3570)	0	0	0	0	0	0	0	0	0	0
IL6ST(3572)	0	0	0	0	0	0	0	0	0	0
IL7(3574)	0	0	0	0	0	0	0	0	0	0
IL8(3576)	0	0	0	0	0	0	0	0	0	0
CXCL3(2921)	0	0	0	0	0	0	0	0	0	1
IL8RB(3579)	0	0	0	0	0	0	0	0	0	1
IL10RA(3587)	0	0	0	0	0	0	0	0	0	0
IL12RB1(3594)	0	0	0	0	0	0	0	0	0	0
IL4R(3566)	0	0	0	0	0	0	0	0	0	0
IL13(3596)	0	0	1	0	0	0	0	0	1	0
IL15(3600)	0	0	0	0	0	0	0	0	0	0
IL16(3603)	0	0	1	0	0	1	0	0	0	0
CXCL10(3627)	0	0	0	0	0	0	0	0	0	0
FCGR2B(2213)	1	0	0	0	0	0	0	0	1	0
INSR(3643)	0	0	0	0	1	1	0	1	1	1
IRAK1(3654)	0	0	0	0	0	0	0	1	1	0
IL1RAP(3556)	1	0	0	0	0	0	0	1	0	0
CD151(977)	0	0	0	0	0	0	0	0	0	0
HMGA1(3159)	0	0	0	0	0	0	0	0	0	0
IRF8(3394)	0	0	0	0	0	0	0	0	0	0
IRF3(3661)	1	0	0	0	0	0	0	1	0	0
PRDM1(639)	0	0	0	0	0	0	0	0	0	0
IRS1(3667)	0	0	0	0	0	0	0	0	0	0
ITGA1(3672)	0	0	0	0	0	0	0	0	0	0
ITGA3(3675)	1	0	1	0	0	0	0	1	0	0
ITGA4(3676)	0	0	0	0	0	0	0	0	0	0
TNC(3371)	0	0	0	0	0	1	0	1	0	0
ITGA9(3680)	0	0	0	0	0	0	0	0	0	0
ICAM3(3385)	0	0	0	0	0	0	0	1	0	0
ITGAL(3683)	0	0	0	0	0	0	0	0	0	0
ICAM2(3384)	0	0	0	0	0	0	0	0	0	0
HP(3240)	0	0	0	0	0	0	0	0	0	0
CYR61(3491)	0	0	0	0	0	0	0	0	0	0
ITGA5(3678)	0	0	0	0	0	0	0	1	0	0
ITGAV(3685)	0	0	0	0	0	0	0	0	0	1
ITGA6(3655)	0	0	0	0	0	0	0	0	0	0
ITGA2(3673)	0	0	0	0	0	0	0	0	0	0
ILK(3611)	0	0	0	0	0	0	0	0	0	0
ITGB2(3689)	0	0	0	0	0	0	0	0	0	0
ITGAX(3687)	0	0	0	0	0	0	0	0	0	0
ITGAM(3684)	0	0	0	0	0	0	0	0	0	0
DAB1(1600)	0	0	0	0	0	0	0	0	1	0
ITGB3(3690)	0	0	0	0	0	0	0	0	0	0
ALOX12(239)	0	0	0	0	0	0	0	0	0	0
ITGB4(3691)	0	0	0	0	0	0	0	0	0	0
ITGB5(3693)	0	0	0	0	0	0	0	0	1	1
ITGAE(3682)	0	0	0	0	0	0	0	0	0	0
ITK(3702)	1	0	0	0	0	0	0	0	0	0
ITPR1(3708)	0	0	0	0	0	1	0	0	0	0
IL3RA(3563)	0	0	0	0	0	0	0	0	0	0
IL7R(3575)	0	0	1	0	0	0	0	0	0	0
IL5RA(3568)	0	0	0	0	0	0	0	0	0	1
JAK1(3716)	0	0	1	0	0	0	0	0	0	1
IFNGR2(3460)	0	0	0	0	0	1	0	0	0	0
JAK2(3717)	0	0	0	0	0	0	0	0	0	0
GATA2(2624)	0	0	0	0	0	0	0	0	0	0
JUN(3725)	0	0	0	0	0	0	0	0	0	0
HHEX(3087)	0	0	0	0	0	0	0	0	0	0
FOSL2(2355)	0	0	0	0	0	0	0	0	0	0
FOSB(2354)	0	0	0	0	0	0	0	0	0	0
JUNB(3726)	1	0	0	0	0	0	0	0	0	0
ANK3(288)	1	0	0	0	0	0	0	0	0	1
KDR(3791)	0	0	0	0	0	0	0	0	0	0
KIT(3815)	1	0	0	0	0	1	0	0	0	0
IGFBP3(3486)	0	1	1	0	0	1	0	0	0	0
CTSS(1520)	0	0	0	0	0	0	0	0	0	0
KNG1(3827)	0	0	0	0	0	0	0	0	0	0
KIF11(3832)	0	0	0	0	0	0	0	0	0	0
KPNB1(3837)	1	1	0	0	0	0	1	1	0	1
TNPO1(3842)	0	0	0	0	0	0	0	0	0	0
HNRPD(3184)	0	0	0	0	0	0	0	0	0	0
LBR(3930)	0	0	0	0	0	0	0	0	0	0
LCK(3932)	0	0	0	0	0	0	0	0	0	0
LCP1(3936)	0	0	0	0	0	0	0	0	1	0
LDHA(3939)	0	0	0	0	0	0	0	0	0	0
LGALS1(3956)	0	0	0	0	0	0	0	0	0	0
LIF(3976)	0	0	0	0	0	0	0	0	0	0
NRG1(3084)	0	0	0	0	0	0	0	0	0	0
CDKN1C(1028)	0	0	0	0	0	0	0	0	0	0
LIMK1(3984)	0	0	0	0	0	0	0	0	0	0
LMNA(4000)	0	0	0	0	0	0	0	0	0	1
GATA3(2625)	0	1	0	0	0	0	0	1	0	0
GATA1(2623)	0	0	0	0	0	0	0	0	0	1
CD82(3732)	0	0	0	0	0	0	0	0	0	0
LTBR(4055)	0	0	0	0	0	0	0	0	0	0
LY9(4063)	0	0	0	0	0	0	0	0	0	0
LMO2(4005)	0	0	0	0	0	0	0	0	0	0
LYN(4067)	0	0	1	0	0	0	0	0	0	0
LCP2(3937)	1	1	0	0	0	0	0	0	1	1
HCLS1(3059)	0	0	1	0	0	0	0	0	0	0
ANPEP(290)	0	0	0	0	0	0	0	0	0	0
LAIR1(3903)	0	0	0	0	0	0	0	0	0	0
MXD1(4084)	0	0	1	0	0	0	0	0	0	0
MAD2L1(4085)	0	0	0	0	0	0	0	1	0	0
SMAD1(4086)	0	1	0	0	0	1	0	0	0	0
SMAD2(4087)	0	1	1	0	0	0	1	0	0	1
JUND(3727)	0	0	0	0	0	0	0	0	0	0
HIVEP1(3096)	0	0	0	0	0	0	0	0	0	0
SMAD3(4088)	1	0	0	0	0	0	1	0	0	0
HDGF(3068)	0	0	0	0	0	0	0	0	0	0
SMAD4(4089)	0	1	0	1	0	0	0	0	1	1
SMAD7(4092)	0	0	0	0	0	0	1	1	0	0
LNPEP(4012)	0	0	0	0	0	0	0	1	0	0
LRP5(4041)	0	0	0	0	0	0	0	0	0	0
MAF(4094)	0	0	0	0	1	0	0	0	0	0
MAFG(4097)	0	0	0	0	0	0	0	0	0	1
COL9A2(1298)	0	0	0	0	0	0	0	0	0	0
ILF3(3609)	0	0	0	0	0	1	0	0	0	0
MAGOH(4116)	0	0	0	0	0	0	0	0	0	0
MATN1(4146)	0	0	0	0	0	0	0	0	0	0
MAX(4149)	0	0	0	0	0	0	0	1	0	0
DCC(1630)	0	0	0	0	0	0	0	0	0	0
SMAD5(4090)	0	0	0	0	0	0	0	0	0	0
MCF2(4168)	0	0	0	0	0	0	0	0	0	0
DAD1(1603)	0	0	0	0	0	0	0	0	0	0
BOK(666)	0	0	0	0	0	0	0	1	0	0
MCL1(4170)	0	0	0	0	0	0	0	1	0	0
MCM2(4171)	1	0	0	0	0	0	0	0	0	0
MCM4(4173)	0	0	0	0	0	1	0	0	0	0
MCM7(4176)	0	0	0	0	0	0	0	0	0	0
HOXA1(3198)	1	0	0	0	0	0	0	0	0	0
DUSP6(1848)	0	0	0	0	0	0	0	0	0	0
MDM2(4193)	0	0	0	0	0	0	0	0	0	0
MEF2A(4205)	0	0	0	0	0	0	0	0	0	0
MEF2B(4207)	0	0	0	0	0	0	0	0	0	0
MEF2C(4208)	0	0	0	0	0	0	0	0	0	0
HOXA11(3207)	0	0	0	0	0	1	0	0	0	0
MAP3K4(4216)	1	0	0	0	0	0	0	0	0	0
MAP3K5(4217)	0	0	0	0	0	1	0	0	0	0
INPPL1(3636)	0	0	1	0	0	0	0	0	1	0
MET(4233)	0	0	0	0	0	0	0	1	0	0
JAG1(182)	0	0	0	0	0	0	0	0	0	0
IGBP1(3476)	0	0	0	0	0	0	0	0	0	0
MIF(4282)	0	0	0	0	0	0	0	0	0	0
MKI67(4288)	0	0	0	0	0	0	0	0	0	0
MAP3K11(4296)	0	0	0	0	0	0	0	0	0	0
MLL(4297)	0	0	0	0	0	0	0	0	0	0
MLLT3(4300)	0	0	0	0	0	0	0	0	0	0
COL6A3(1293)	0	0	0	0	0	0	0	0	0	0
MMP1(4312)	0	0	0	0	0	0	0	0	0	0
MMP9(4318)	0	0	0	0	0	0	0	1	0	0
MMP7(4316)	0	0	0	0	0	0	0	0	0	0
MMP13(4322)	0	0	0	0	0	0	0	0	1	0
MMP2(4313)	0	0	1	0	0	0	0	0	0	0
GNG7(2788)	0	0	0	0	0	0	0	0	0	0
LIG1(3978)	0	0	0	0	0	0	0	0	0	0
MSH6(2956)	0	0	0	0	0	0	0	0	0	0
MSH2(4436)	0	0	0	0	0	0	0	1	0	0
MLH1(4292)	1	0	0	0	0	0	1	0	0	1
MSH4(4438)	0	0	0	0	0	0	0	0	0	0
MSN(4478)	0	0	0	0	0	0	0	0	0	1
MSX1(4487)	0	0	0	0	0	0	0	0	0	0
JUP(3728)	0	0	0	0	0	0	0	0	0	0
MX1(4599)	0	0	0	0	0	0	1	0	0	0
ATBF1(463)	0	0	0	0	0	0	0	0	0	0
MYBL2(4605)	0	0	0	0	0	0	0	0	0	0
MXI1(4601)	1	0	0	0	0	0	0	1	0	0
MYD88(4615)	0	0	0	0	0	1	0	0	0	0
IRF5(3663)	0	0	0	0	0	0	0	0	0	0
IRF4(3662)	0	0	1	0	0	0	0	0	0	0
DNAJB9(4189)	0	0	0	0	0	0	0	0	0	0
MYL2(4633)	0	0	0	0	0	0	0	0	0	0
BIRC1(4671)	0	0	0	0	0	0	0	0	0	0
HIST1H1C(3006)	0	0	0	0	0	0	0	0	0	0
MRE11A(4361)	0	0	0	0	0	1	0	0	0	0
NCAM1(4684)	0	0	0	0	0	0	0	0	0	1
CYBB(1536)	0	0	1	0	0	0	0	0	0	0
NCF1(4687)	0	0	0	0	0	0	0	0	1	0
NCF2(4688)	0	0	0	0	0	0	0	0	0	0
CSNK1G2(1455)	0	0	0	0	0	0	0	0	0	0
MYB(4602)	0	0	0	0	0	0	0	0	0	0
FMR1(2332)	0	0	0	0	0	0	0	0	0	0
MYBL1(4603)	0	0	0	0	0	0	0	0	0	0
KCNH2(3757)	0	0	0	0	0	0	0	0	0	1
LYL1(4066)	0	0	0	0	0	0	0	1	0	0
NEDD4(4734)	0	0	0	0	0	0	0	1	0	0
HIP2(3093)	0	0	0	0	0	0	0	1	1	0
NCK1(4690)	0	0	0	0	0	0	0	0	0	0
NEK2(4751)	0	0	0	0	0	0	0	0	0	0
EGR4(1961)	0	0	0	0	0	0	0	0	0	0
NFATC2(4773)	0	0	0	0	0	0	0	0	0	0
NFIL3(4783)	0	0	0	0	0	0	0	0	0	0
DR1(1810)	0	0	0	0	0	0	0	0	0	0
NFKB1(4790)	0	0	0	0	0	0	1	0	1	0
MEN1(4221)	0	1	0	0	0	0	0	0	0	0
MAP3K8(1326)	1	0	0	0	0	0	0	1	0	0
IRF2(3660)	0	0	0	0	0	0	0	0	0	0
IRF1(3659)	0	0	0	0	0	0	0	0	0	0
KPNA3(3839)	1	0	0	0	0	0	0	1	0	0
DDX3X(1654)	0	0	0	0	0	0	0	0	1	0
GLG1(2734)	0	0	0	0	0	0	0	0	0	0
NFKB2(4791)	0	0	0	0	0	0	0	0	0	1
HOXB7(3217)	0	0	0	0	0	1	0	0	0	0
NFKBIA(4792)	1	0	0	0	0	0	0	0	0	0
MYC(4609)	1	0	1	0	0	0	0	0	0	0
NFYA(4800)	0	0	0	0	0	0	0	0	0	0
CIITA(4261)	0	0	0	0	0	0	0	0	0	1
NME1(4830)	0	0	0	0	0	0	0	0	0	0
NME3(4832)	0	0	0	0	0	0	0	0	0	0
NME4(4833)	0	0	0	0	0	0	0	0	0	0
MARCKS(4082)	0	1	0	0	0	0	0	0	1	0
NOS2A(4843)	0	0	0	0	0	0	0	0	0	0
RBPSUH(3516)	0	0	0	0	0	0	0	0	0	1
NOTCH1(4851)	0	0	0	0	0	0	0	0	0	0
MFNG(4242)	0	0	0	0	0	0	0	0	0	0
NOL1(4839)	0	0	0	0	0	0	0	0	0	0
MME(4311)	0	0	0	0	0	0	0	0	0	0
NGFR(4804)	0	0	0	0	0	0	0	1	0	0
OCLN(4950)	0	0	0	0	0	0	0	0	0	1
OGG1(4968)	0	0	0	0	0	0	0	0	0	1
LIFR(3977)	0	0	0	0	0	0	0	0	0	0
MAP1B(4131)	0	0	0	0	0	0	0	0	0	0
MYLK(4638)	0	1	0	0	0	0	0	0	0	0
PAK1(5058)	0	0	0	0	0	0	0	0	0	0
PAK2(5062)	0	0	0	0	0	0	0	0	0	0
PAWR(5074)	0	0	0	0	0	0	0	0	0	0
PAX3(5077)	0	0	0	0	0	0	0	0	0	0
PAX5(5079)	0	0	0	0	0	0	0	0	0	0
PCBP2(5094)	0	0	0	0	0	0	0	0	0	0
PCNA(5111)	1	0	1	0	0	0	0	0	0	0
GADD45B(4616)	0	0	0	0	0	0	0	0	0	0
MUTYH(4595)	0	0	1	0	0	0	0	0	0	0
ING1(3621)	0	0	1	0	0	1	0	0	1	1
PDGFB(5155)	0	0	1	0	0	0	0	0	0	0
PDGFRA(5156)	0	0	1	0	0	0	0	1	0	0
PDGFRB(5159)	0	0	0	0	0	0	0	0	0	1
PDPK1(5170)	0	1	0	0	0	0	0	0	0	0
SCARB1(949)	0	0	0	0	0	0	0	0	0	0
PECAM1(5175)	1	0	1	0	0	0	0	0	0	0
PEX1(5189)	0	0	0	0	0	0	0	0	0	0
PFN2(5217)	1	0	1	0	0	0	0	0	0	0
IK(3550)	0	0	0	0	0	0	0	0	0	0
PGF(5228)	0	0	0	0	0	0	0	1	0	0
HMGB2(3148)	0	0	0	0	0	0	0	0	0	0
MAP3K10(4294)	0	0	0	0	0	0	0	0	0	0
PHKG1(5260)	0	0	1	0	0	0	0	0	0	0
LTK(4058)	0	0	0	0	0	0	0	0	0	0
NFATC1(4772)	0	0	0	0	0	1	1	0	0	0
PIK3CD(5293)	0	0	0	0	0	0	0	0	0	0
KRAS(3845)	0	0	0	0	0	0	0	0	0	0
PIK3R1(5295)	1	1	1	0	0	0	0	0	1	0
PIK3CA(5290)	0	0	0	0	0	0	0	1	0	0
PIK3CB(5291)	0	0	1	0	0	0	0	0	0	0
PIK3C3(5289)	0	1	0	0	0	0	0	0	0	0
PKD1(5310)	1	1	0	0	0	0	0	0	0	1
KRT14(3861)	0	0	0	0	0	0	0	0	0	0
MARK3(4140)	0	0	0	0	0	0	0	0	0	1
PLA2G2A(5320)	0	0	0	0	0	0	0	0	0	0
PLA2G1B(5319)	0	0	0	0	0	0	0	0	0	0
PLAU(5328)	0	0	0	0	0	0	0	0	1	0
MMP12(4321)	0	0	0	0	0	0	0	0	0	0
PLCG2(5336)	0	0	0	0	0	0	0	0	0	0
LMNB1(4001)	1	1	0	0	0	0	0	0	0	0
PLG(5340)	0	0	0	0	0	1	0	0	0	0
OGDH(4967)	0	0	0	0	0	0	0	0	0	0
PML(5371)	0	0	0	0	0	0	0	1	0	0
SEPT2(4735)	0	0	0	0	0	0	0	0	1	0
POLD1(5424)	1	0	0	0	0	0	0	0	1	0
POLR2B(5431)	0	0	0	0	0	0	0	0	0	0
CYP2C9(1559)	0	0	0	0	0	0	0	0	0	0
CYP2E1(1571)	0	0	0	0	0	0	0	0	0	0
POU2F1(5451)	0	0	0	0	0	0	1	1	0	0
MNAT1(4331)	1	0	0	0	0	0	0	0	0	1
POU2AF1(5450)	0	0	0	0	0	0	1	0	0	0
POU2F2(5452)	0	0	0	0	0	0	0	0	0	0
GATA6(2627)	0	0	0	0	0	0	0	0	0	0
PPARBP(5469)	0	0	0	0	0	0	0	1	1	0
PPBP(5473)	0	0	0	0	0	0	0	0	0	0
PMAIP1(5366)	0	0	0	0	0	0	0	0	0	0
CD99(4267)	0	0	0	0	0	0	0	0	0	0
PPP1CA(5499)	0	0	0	0	0	0	0	0	0	0
PPP1CC(5501)	0	0	0	0	0	0	0	0	0	0
CCNG2(901)	0	0	0	0	0	0	0	0	0	0
PPP2CA(5515)	0	0	0	0	0	0	0	0	0	0
PPP2R1B(5519)	0	0	0	0	0	0	0	0	0	0
PPP2R3A(5523)	0	0	0	0	0	0	0	0	0	0
NEK1(4750)	0	1	0	0	0	0	0	1	0	0
PPP2R1A(5518)	0	0	0	0	0	0	0	0	0	0
PPP3CA(5530)	0	0	0	0	0	0	0	0	0	0
PPP5C(5536)	0	0	0	0	0	0	0	0	0	0
NFKBIE(4794)	0	0	0	0	0	0	0	0	0	0
PRKAA2(5563)	0	0	0	0	0	0	0	0	0	0
PDE4B(5142)	0	0	0	0	0	0	0	0	0	0
GYS1(2997)	0	0	0	0	0	0	0	0	0	0
ITPKB(3707)	0	0	0	0	0	0	0	0	0	0
PPP1R8(5511)	1	0	0	0	0	0	1	0	0	0
PRKACB(5567)	0	0	0	0	0	0	0	0	0	0
PRKACA(5566)	1	0	0	0	0	1	1	0	1	1
PRKAB1(5564)	0	0	0	0	0	0	0	0	0	0
PRKAR1A(5573)	0	0	0	0	0	1	0	0	1	0
PRKAR2A(5576)	0	0	0	0	0	0	0	0	0	1
PRKAR2B(5577)	0	0	0	0	0	0	0	0	0	0
PRKCA(5578)	0	1	0	0	0	0	0	1	1	1
POLB(5423)	0	0	0	0	0	0	0	0	0	0
PA2G4(5036)	0	1	0	0	0	0	0	0	0	0
NRGN(4900)	0	0	0	0	0	0	0	0	0	0
PPP2CB(5516)	0	0	0	0	0	0	0	0	0	0
ITGB7(3695)	1	0	0	0	0	0	0	0	0	0
PRKCB1(5579)	1	0	0	0	0	0	0	0	0	0
ADCY7(113)	0	0	0	0	0	0	0	1	0	0
PRKCD(5580)	0	0	0	0	1	0	0	1	0	0
PLSCR1(5359)	1	0	0	0	0	1	0	0	0	0
PPP2R5C(5527)	0	0	0	0	0	0	0	0	0	0
PRKCE(5581)	0	0	0	0	0	0	0	0	0	0
PKN1(5585)	0	0	0	0	0	0	0	0	0	0
PRKD1(5587)	0	0	0	0	0	1	0	1	0	0
PRKCH(5583)	0	0	0	0	0	0	0	1	0	0
MT2A(4502)	0	0	0	0	0	0	0	0	0	0
PRKCQ(5588)	0	0	0	0	0	0	0	0	0	0
PRKCZ(5590)	1	0	0	0	0	0	0	0	0	0
PRKDC(5591)	0	0	0	0	0	0	1	0	0	0
NBN(4683)	0	0	0	0	0	0	0	0	1	0
LIG4(3981)	0	0	0	0	0	0	0	0	0	0
ILF2(3608)	0	0	0	0	0	0	0	0	0	0
PPP1R12A(4659)	0	0	0	0	0	0	0	0	0	1
MAPK1(5594)	0	1	0	0	0	0	0	1	0	1
PLK3(1263)	1	0	0	0	0	0	0	0	0	0
DUSP7(1849)	0	0	0	0	0	0	0	0	0	0
DUSP5(1847)	0	0	0	0	0	0	0	0	0	1
HMMR(3161)	0	0	0	0	0	0	0	0	1	0
MAPK3(5595)	1	0	0	0	0	0	0	0	1	0
MAPK4(5596)	0	0	0	0	0	0	0	0	0	0
MAPK6(5597)	0	0	0	0	0	0	0	0	0	0
NFATC3(4775)	0	0	0	0	0	0	0	1	0	0
MAP2K1(5604)	0	0	0	0	0	1	1	0	0	0
PRKCI(5584)	0	0	0	0	1	0	0	1	1	1
MAP2K2(5605)	0	0	0	0	0	0	0	1	0	0
MAPK7(5598)	0	1	0	0	1	0	0	0	0	0
MAP2K6(5608)	0	0	1	0	0	0	0	0	0	0
MAPK13(5603)	0	0	0	0	0	0	0	0	0	0
MAPK9(5601)	0	0	1	0	0	0	0	0	0	0
MAPK8(5599)	0	0	0	0	0	0	0	0	0	1
EIF2AK2(5610)	0	0	0	0	0	0	0	1	0	0
PPP2R5A(5525)	0	0	0	0	0	0	0	0	0	0
DNAJC3(5611)	0	0	0	0	0	0	0	0	0	0
PKIA(5569)	0	0	0	0	0	0	0	0	1	0
PPIB(5479)	0	0	0	0	0	0	0	1	0	0
NEK3(4752)	0	0	0	0	0	0	0	0	0	0
CD1B(910)	0	0	0	0	0	0	0	0	0	0
PSEN1(5663)	0	0	0	0	1	0	0	0	0	0
PLK1(5347)	0	0	1	0	0	1	0	0	0	0
PRNP(5621)	0	0	0	0	0	0	0	0	0	0
ATXN3(4287)	0	0	0	0	0	0	0	0	0	0
PSME1(5720)	0	0	0	0	0	0	0	0	1	0
PTBP1(5725)	0	0	0	0	0	0	0	0	0	0
PTGS2(5743)	0	0	0	0	0	0	0	0	0	0
PTK2(5747)	1	1	0	0	0	0	0	1	0	0
PPP1CB(5500)	0	0	0	0	0	0	0	0	0	0
LAMA4(3910)	0	0	1	0	0	0	0	0	0	0
PTN(5764)	0	0	0	0	0	0	0	0	0	0
CACNB4(785)	0	0	0	0	0	0	0	0	0	0
CAPZB(832)	0	0	0	0	0	0	0	0	0	0
PTPN6(5777)	0	0	0	0	0	0	0	0	0	0
MPL(4352)	0	1	1	0	0	1	0	0	1	0
PIK3CG(5294)	0	0	0	0	0	0	0	0	0	0
PKN2(5586)	0	0	0	0	0	0	0	0	0	0
PTPRA(5786)	0	0	0	0	0	0	0	0	0	0
PTPRC(5788)	1	0	0	0	0	0	0	0	0	0
PTPRE(5791)	0	0	0	0	0	0	1	0	0	0
PTPRD(5789)	0	0	0	0	0	0	0	0	0	1
PTPRF(5792)	0	0	0	0	0	0	0	1	0	0
PTPRK(5796)	1	0	0	0	0	0	0	0	0	0
PTPRM(5797)	1	0	0	0	0	0	0	0	0	0
PIM1(5292)	0	0	1	0	0	1	0	0	0	0
PTPRN(5798)	0	0	0	0	0	0	0	0	0	0
GRLF1(2909)	0	0	0	0	0	0	0	0	0	0
PURA(5813)	0	0	0	0	0	0	0	0	0	0
PTPN11(5781)	0	0	0	0	0	1	0	1	1	0
PTEN(5728)	0	0	0	0	0	0	0	0	0	0
RAB5A(5868)	0	0	0	0	0	0	0	0	0	0
BICD1(636)	0	0	0	0	0	0	0	0	0	0
RAB27A(5873)	1	0	0	0	0	0	0	1	0	0
RAC1(5879)	0	0	1	0	0	0	0	0	0	0
PLXNB1(5364)	0	0	0	0	0	0	0	0	0	0
RAD1(5810)	0	0	0	0	0	0	0	0	0	0
POLE(5426)	0	0	0	0	0	0	0	0	0	0
RAD9A(5883)	0	0	0	0	0	0	0	0	0	0
RAD51(5888)	0	0	0	0	0	0	0	0	0	0
RAD51C(5889)	0	0	0	0	0	0	0	0	0	0
RAD51L1(5890)	0	0	0	0	0	0	0	0	0	0
RAD52(5893)	0	0	0	0	0	1	1	0	0	0
RAF1(5894)	0	0	0	0	1	0	0	0	0	0
PRKG1(5592)	0	0	0	0	0	0	0	1	1	1
GNG4(2786)	0	0	0	0	0	0	0	0	0	0
RAG1(5896)	0	0	0	0	0	0	0	0	0	0
PTMA(5757)	1	0	0	0	0	0	0	0	0	0
RAN(5901)	0	0	0	0	0	0	0	0	0	0
RANBP2(5903)	0	0	0	0	0	0	0	0	0	0
RAP1A(5906)	1	0	0	0	0	0	0	0	1	1
RALGDS(5900)	0	0	0	0	0	1	0	0	0	0
KRIT1(889)	1	0	0	0	0	0	0	0	0	0
RASA1(5921)	0	0	0	0	0	0	0	1	0	0
RB1(5925)	0	0	0	0	0	0	1	0	0	0
E2F3(1871)	0	0	0	0	0	0	0	0	0	0
MDM4(4194)	0	0	0	0	0	0	0	1	0	0
MNDA(4332)	0	0	0	0	0	0	0	0	0	1
GTF3C2(2976)	0	0	0	0	0	0	0	0	0	0
RARA(5914)	0	0	0	0	1	0	0	0	0	1
RBBP4(5928)	0	0	0	0	0	0	0	0	0	0
RBL1(5933)	0	0	0	0	0	0	0	0	0	0
REL(5966)	0	0	0	0	0	0	0	1	1	0
PPP4C(5531)	0	0	0	0	0	0	0	0	0	0
RELA(5970)	1	0	1	0	0	1	0	0	0	0
BCL7A(605)	1	0	0	0	0	0	0	0	0	0
RELB(5971)	1	0	0	0	0	0	0	0	0	0
RET(5979)	0	0	0	0	0	0	0	0	0	0
RFC3(5983)	0	0	0	0	0	0	0	0	0	0
RAD17(5884)	0	0	0	0	0	0	0	0	0	0
RFC4(5984)	0	0	0	0	0	0	0	0	0	0
RFX1(5989)	0	0	0	0	0	0	0	0	0	0
RFX2(5990)	0	0	0	0	0	0	0	0	0	0
RFX3(5991)	0	0	1	0	0	0	0	0	0	0
RFX5(5993)	0	0	0	0	0	0	0	0	0	0
PRKCG(5582)	0	0	0	0	0	0	0	0	0	0
RGS3(5998)	0	0	0	0	0	0	0	0	1	0
PTAFR(5724)	0	0	0	0	0	0	0	1	0	0
POU4F1(5457)	0	0	0	0	0	0	0	1	0	0
IFRD1(3475)	0	0	0	0	0	0	0	0	0	0
RIT1(6016)	1	0	0	0	0	0	0	0	0	1
ROCK1(6093)	0	0	0	0	0	0	1	0	0	1
LIMK2(3985)	0	0	0	0	0	0	0	0	0	0
RORA(6095)	0	0	0	0	0	0	0	0	0	0
RPA1(6117)	0	0	0	0	0	0	0	0	0	0
RPA2(6118)	0	0	0	0	0	0	0	0	0	0
RPA3(6119)	0	0	0	0	0	0	0	0	0	0
NVL(4931)	0	0	0	0	0	0	0	0	0	0
RPL5(6125)	0	0	0	0	0	0	1	0	0	0
RPLP2(6181)	0	0	0	0	0	0	0	0	0	0
RAD23A(5886)	1	0	0	0	0	0	0	0	0	0
NR4A2(4929)	0	0	0	0	0	0	0	0	0	0
RPS6KA1(6195)	0	0	0	0	0	0	0	1	0	0
NCBP1(4686)	0	0	0	0	0	0	0	0	0	0
RPS27A(6233)	0	0	0	0	0	0	0	0	0	0
RRM1(6240)	0	0	0	0	0	0	0	0	0	0
RAC2(5880)	0	0	0	0	0	0	0	0	0	1
RARG(5916)	0	0	0	0	0	0	0	0	0	0
RARB(5915)	0	0	0	0	0	0	0	0	0	0
S100A1(6271)	0	0	0	0	0	0	0	0	0	0
S100A4(6275)	0	0	0	0	0	0	0	0	1	1
SEPT7(989)	0	0	0	0	0	0	0	0	0	1
MAPK12(6300)	0	0	0	0	0	1	0	0	0	0
MAP2K3(5606)	0	0	0	0	0	0	0	0	0	0
HSPE1(3336)	0	0	0	0	0	0	0	0	0	0
SATB1(6304)	0	0	0	0	0	0	0	0	0	0
RGS2(5997)	0	0	0	0	0	0	0	0	0	0
CCL2(6347)	0	0	0	0	0	0	0	0	1	0
CCBP2(1238)	0	0	0	0	0	0	0	0	0	0
CCL3(6348)	0	0	0	0	0	0	0	0	0	0
CCL4(6351)	0	0	0	0	0	0	0	0	0	0
CCL5(6352)	1	0	1	0	0	0	0	1	0	0
MMP14(4323)	0	0	0	0	0	0	0	0	0	0
CCL7(6354)	0	0	1	0	0	0	0	0	1	0
PACS1(55690)	0	0	0	0	0	0	0	0	0	0
NF1(4763)	0	0	0	0	0	0	0	0	0	0
SDC4(6385)	0	0	0	0	0	0	0	0	0	0
PTPRJ(5795)	0	0	0	0	0	0	0	1	0	0
SDC2(6383)	0	0	0	0	0	0	0	0	0	1
SDC1(6382)	0	0	0	0	0	0	0	1	0	0
CD6(923)	0	0	0	0	0	0	0	0	0	0
CXCL12(6387)	0	0	0	0	0	1	0	0	0	0
SELE(6401)	0	0	0	0	0	1	0	0	0	0
SELP(6403)	0	0	0	0	0	0	0	0	0	0
SELL(6402)	0	0	0	0	0	0	0	0	0	0
MAPK10(5602)	0	0	0	0	0	0	0	0	0	0
MAP2K4(6416)	0	0	1	0	0	0	0	0	0	0
SET(6418)	0	0	0	0	0	0	0	0	0	0
SFPQ(6421)	0	0	0	0	0	0	0	0	0	0
DDR2(4921)	0	0	0	0	0	0	0	0	0	0
PIK3R2(5296)	0	0	0	1	0	0	1	0	0	0
PTPN2(5771)	0	0	0	0	0	0	0	0	0	0
GAS1(2619)	0	0	0	0	0	0	0	0	0	0
PTCH(5727)	0	1	0	0	0	0	0	0	0	0
SIAH1(6477)	1	0	0	0	0	0	0	0	1	0
ST6GAL1(6480)	0	0	0	0	0	0	0	0	0	0
SKIL(6498)	1	0	0	0	0	0	0	0	0	0
SKP1A(6500)	0	0	0	0	0	0	0	0	0	0
ELF4(2000)	0	0	0	0	0	0	0	0	0	0
SLA(6503)	0	0	0	0	0	0	0	0	0	0
SH2D1A(4068)	0	0	0	0	0	0	0	0	0	0
SLAMF1(6504)	0	0	0	0	0	0	0	0	0	0
SGK(6446)	0	0	0	0	0	0	0	0	0	0
PPP3CB(5532)	0	0	0	0	0	0	0	0	0	0
RFXAP(5994)	0	0	0	0	1	0	0	0	0	0
SMN1(6606)	0	0	0	1	0	0	1	0	0	0
SNRP70(6625)	0	0	1	0	0	0	0	0	0	1
SNTB2(6645)	0	0	0	0	0	0	0	0	0	0
SOD1(6647)	0	0	0	0	0	0	0	0	0	0
SOD2(6648)	0	0	1	0	0	0	0	0	0	0
RAB4A(5867)	0	0	0	0	1	1	0	1	0	1
SHC1(6464)	1	0	1	0	0	0	0	0	0	0
SOS1(6654)	0	0	0	0	1	0	0	0	0	0
SOX5(6660)	0	0	0	0	0	0	0	0	0	0
RXRA(6256)	0	0	1	0	0	0	0	1	0	0
SP1(6667)	1	0	0	1	1	1	0	1	0	1
SPARC(6678)	0	0	0	0	0	0	0	0	0	0
SPI1(6688)	1	0	0	0	0	0	0	0	0	1
SPIB(6689)	0	0	0	0	0	0	0	0	0	0
SPTA1(6708)	0	0	0	0	0	0	0	0	0	0
PTPN1(5770)	0	0	0	0	0	0	0	0	0	1
DGKA(1606)	0	0	0	0	0	0	0	0	0	0
RGS16(6004)	0	0	0	0	0	0	0	0	0	0
PSEN2(5664)	0	0	0	0	0	0	0	0	0	0
RXRG(6258)	0	0	0	0	0	0	0	0	0	0
SRF(6722)	0	0	0	0	0	0	0	0	0	0
SAFB(6294)	0	0	0	0	0	0	0	0	0	0
SRPK1(6732)	0	0	0	0	0	0	0	0	0	0
SFRS3(6428)	0	0	0	0	0	0	0	0	0	1
SMARCA2(6595)	0	0	0	0	0	0	0	0	0	0
STAT1(6772)	0	0	0	1	1	0	0	0	1	0
STAT3(6774)	0	0	0	1	0	0	0	0	0	1
STAT5A(6776)	0	0	0	0	0	0	0	0	0	0
STAT5B(6777)	0	0	0	0	0	0	0	0	0	0
STAT2(6773)	0	0	0	0	0	0	0	0	0	0
STAT6(6778)	0	0	0	0	0	0	0	0	0	0
STIM1(6786)	0	0	0	0	0	0	0	0	0	0
STK3(6788)	0	0	0	0	0	0	0	0	0	0
STK4(6789)	0	0	1	0	0	0	0	0	0	0
STK6(6790)	0	0	1	0	0	1	0	0	0	1
RPS6KA3(6197)	0	0	0	0	0	0	0	0	1	0
RPS6KB1(6198)	0	0	0	0	0	0	0	0	0	0
STK11(6794)	1	0	0	0	0	0	0	0	0	0
STX4A(6810)	0	0	0	0	0	0	0	0	0	0
PLAUR(5329)	0	0	1	0	0	0	0	0	0	0
RBL2(5934)	0	0	1	0	0	0	0	0	0	0
SYK(6850)	0	0	0	1	0	0	0	0	0	0
IL15RA(3601)	1	0	0	0	0	0	0	0	0	0
SH3BP2(6452)	0	0	1	0	0	0	0	0	0	0
SIAH2(6478)	0	0	0	0	0	0	0	0	0	0
TACC1(6867)	0	0	0	0	0	0	0	0	0	0
PTPN3(5774)	0	0	0	0	0	0	0	0	0	0
TAF2(6873)	0	0	0	0	0	0	0	0	0	0
TAF4(6874)	0	0	0	0	0	0	0	0	0	0
MAP3K7(6885)	0	0	0	0	0	1	0	0	0	0
TAP1(6890)	0	0	0	0	0	0	0	0	0	0
TCEB2(6923)	0	0	0	0	0	0	0	0	0	0
TCF4(6925)	1	0	0	0	0	0	0	0	0	0
TCF3(6929)	0	0	0	0	0	0	0	1	0	0
TAL1(6886)	0	0	0	0	0	0	0	1	0	0
SKP2(6502)	0	0	0	0	0	0	0	0	0	0
PDCL(5082)	0	0	0	0	0	0	0	0	0	0
CD3G(917)	0	0	0	0	0	0	0	0	0	0
TDG(6996)	1	0	0	0	0	0	0	0	0	0
RAD23B(5887)	0	0	0	0	0	0	0	0	0	0
TEC(7006)	1	0	0	0	0	0	0	1	0	1
PTPRB(5787)	0	0	0	0	0	0	0	0	0	0
TERF2(7014)	0	0	0	0	0	0	0	0	0	0
TERT(7015)	0	0	0	0	0	0	0	0	0	0
IGFBP1(3484)	0	0	0	0	0	0	0	0	0	0
NP(4860)	0	0	0	0	0	0	0	0	0	0
TFCP2(7024)	0	0	0	0	0	0	0	0	0	0
RAB5B(5869)	0	1	0	0	0	0	0	1	0	0
TFRC(7037)	0	0	0	0	0	0	0	0	0	0
ADAM17(6868)	0	0	0	0	0	0	0	0	0	0
TGFA(7039)	0	0	0	0	0	0	0	0	0	0
ITGB6(3694)	0	0	0	0	0	0	0	0	0	0
TGFB1(7040)	0	0	0	0	0	0	0	0	0	0
ITGB8(3696)	0	0	0	0	0	0	0	0	0	0
TGFB2(7042)	0	0	0	0	0	0	1	0	0	0
PPP3CC(5533)	0	0	0	0	0	0	0	0	0	0
TGFB3(7043)	0	0	0	0	0	0	0	1	0	0
PCTK2(5128)	0	0	0	0	0	0	0	0	0	0
PFTK1(5218)	0	0	0	0	0	0	0	0	0	0
TGFBR2(7048)	0	1	0	0	0	0	0	1	0	0
TFPI(7035)	0	0	0	0	0	0	0	0	0	0
TNFRSF11B(4982)	0	0	0	0	0	0	0	1	0	0
THBS2(7058)	0	0	0	0	0	0	0	0	0	0
THY1(7070)	0	0	0	0	0	0	0	0	0	0
TIAM1(7074)	0	0	1	0	0	0	0	0	0	0
TIE1(7075)	0	0	0	0	0	0	0	0	0	0
TK1(7083)	1	0	0	0	0	0	0	0	1	0
CCL18(6362)	1	0	0	0	0	0	0	0	0	0
POLE2(5427)	0	0	0	0	0	0	0	0	0	0
TLE4(7091)	0	0	0	0	0	0	0	0	0	0
TLR1(7096)	0	0	0	0	0	0	0	0	0	0
TLR4(7099)	0	0	0	0	0	0	0	0	0	0
TNFAIP3(7128)	0	0	0	0	0	1	0	0	0	0
THBS1(7057)	0	0	0	0	0	0	0	1	0	0
TNFRSF1A(7132)	0	0	0	0	0	0	0	0	0	1
TOP1(7150)	0	0	0	0	0	0	0	0	1	0
TOP2B(7155)	0	0	0	0	0	0	0	0	0	0
TP53(7157)	1	1	1	1	1	1	0	1	1	1
TFDP1(7027)	0	0	1	0	0	0	0	0	0	0
RRM2(6241)	0	0	1	0	0	0	1	0	0	0
IFI16(3428)	0	0	0	0	0	0	0	0	0	0
SP3(6670)	0	0	0	0	0	0	0	0	0	0
PRIM1(5557)	0	0	0	0	0	0	0	0	0	0
PFDN5(5204)	0	0	0	0	0	0	0	0	0	0
TPD52(7163)	0	0	0	0	0	0	0	0	0	0
TPI1(7167)	0	0	0	0	0	0	0	0	0	0
CCL11(6356)	1	0	0	0	0	0	0	0	0	0
TNFRSF17(608)	0	0	0	0	0	0	0	0	0	0
TNFRSF1B(7133)	0	0	0	0	0	0	0	1	0	0
TRIM37(4591)	0	0	0	0	0	0	0	0	0	0
ALPL(249)	1	0	0	0	0	0	0	0	0	0
TRAF2(7186)	1	1	1	0	0	0	0	1	0	1
TRAF1(7185)	0	0	0	0	0	0	0	0	1	0
TRAF3(7187)	0	0	0	0	0	0	1	0	0	0
TRAF5(7188)	0	0	0	0	0	0	0	0	0	0
TRAF6(7189)	0	1	0	0	0	0	0	1	0	1
PTPN13(5783)	0	0	0	0	0	0	0	0	1	0
ITPR3(3710)	0	0	0	0	0	0	0	0	0	0
TSHR(7253)	0	0	0	0	0	0	0	0	0	0
DNAJC7(7266)	0	0	0	0	0	0	0	0	0	0
TM4SF1(4071)	0	0	0	0	0	0	0	0	0	0
TBCE(6905)	0	0	0	0	0	1	0	0	0	0
TNFSF4(7292)	0	0	0	0	0	0	0	0	0	0
TXK(7294)	0	0	0	0	0	0	0	1	0	0
TYK2(7297)	0	0	0	0	0	0	0	0	0	0
GAS6(2621)	0	0	0	0	0	0	0	0	0	0
TSG101(7251)	0	0	0	0	0	0	0	0	0	0
UBE2D2(7322)	0	0	0	0	0	0	0	0	0	0
UBE3A(7337)	0	0	0	0	0	0	0	0	0	0
SP100(6672)	0	0	0	0	0	0	0	1	0	0
CIDEA(1149)	0	0	0	0	0	0	0	0	0	0
TP53BP2(7159)	1	0	0	0	0	0	0	0	1	0
USF2(7392)	0	0	0	0	0	0	0	0	0	0
LPP(4026)	0	0	0	0	0	0	0	0	0	0
VASP(7408)	1	0	1	0	0	0	0	1	0	0
TUBA1(7277)	1	1	0	0	0	1	0	0	0	0
VAV2(7410)	0	0	1	0	0	0	0	0	0	0
VCAM1(7412)	0	0	0	0	0	0	0	0	0	0
HK1(3098)	0	0	0	0	0	0	0	0	0	0
VDR(7421)	0	0	0	0	0	0	0	0	0	0
VEGF(7422)	0	0	0	0	0	0	0	0	0	0
VEGFB(7423)	0	0	0	0	0	0	0	0	0	0
VEGFC(7424)	0	0	0	0	0	0	0	0	0	0
VBP1(7411)	0	0	0	0	0	0	0	0	0	0
VIL2(7430)	1	0	0	0	0	0	0	0	0	0
VIM(7431)	0	0	0	0	0	0	1	1	1	1
VWF(7450)	0	0	1	0	0	0	0	1	0	0
WAS(7454)	0	0	0	0	0	0	0	1	0	0
TBL1X(6907)	0	0	0	0	0	0	0	0	1	0
RYK(6259)	1	0	0	0	0	0	0	0	0	0
POLD2(5425)	0	0	0	0	0	0	0	1	0	0
XBP1(7494)	0	0	0	0	0	0	0	0	0	0
XPC(7508)	0	0	0	0	0	0	0	0	0	0
XPO1(7514)	0	1	0	0	0	1	0	0	1	0
LIG3(3980)	0	0	0	0	0	0	0	0	0	0
XRCC4(7518)	0	0	0	0	0	0	0	0	1	0
VAV1(7409)	0	0	1	0	0	0	0	0	0	0
WRN(7486)	0	0	0	0	0	0	0	1	1	1
XRCC5(7520)	0	1	0	0	0	0	0	1	1	0
RPL10(6134)	0	0	0	0	0	0	0	0	0	0
TYRO3(7301)	0	1	1	0	0	0	0	0	0	0
YES1(7525)	0	0	0	0	0	0	0	0	0	0
TSC2(7249)	0	0	1	0	0	0	0	0	0	0
WEE1(7465)	0	0	0	0	0	0	0	0	0	0
RGS7(6000)	0	0	0	0	0	0	0	0	0	0
TAZ(6901)	0	0	0	0	0	0	0	0	0	0
RASGRF1(5923)	0	0	0	0	0	1	0	0	0	0
SPTBN1(6711)	0	0	0	0	0	0	0	0	1	0
CLK3(1198)	0	0	0	0	0	0	0	0	0	0
SFRS10(6434)	0	0	0	0	0	0	0	0	0	0
YWHAE(7531)	0	0	0	0	0	0	0	0	0	0
NFATC4(4776)	0	0	0	0	0	0	0	0	0	1
ZAP70(7535)	1	0	0	0	0	0	0	0	0	0
WASPIP(7456)	0	0	0	0	0	0	0	0	0	0
TYROBP(7305)	0	0	0	0	0	0	0	0	0	0
ZBTB16(7704)	0	0	1	0	0	0	1	1	0	1
TRIM25(7706)	0	0	0	0	0	0	0	0	0	0
UBE2A(7319)	0	0	0	0	0	0	1	1	0	0
ZA20D2(7763)	0	0	0	0	0	0	0	0	0	0
RGS1(5996)	0	0	0	0	0	0	0	0	0	1
PTP4A1(7803)	0	0	0	0	0	0	0	0	0	0
DAP3(7818)	0	0	0	0	0	0	0	0	0	0
IL1RN(3557)	0	0	0	0	0	0	0	0	0	0
CXCR4(7852)	0	0	0	0	0	0	0	0	0	1
SEMA3B(7869)	0	0	0	0	0	0	0	0	0	0
USP7(7874)	0	0	0	0	1	0	0	0	0	0
ST8SIA4(7903)	0	0	0	0	0	0	0	0	0	0
NRF1(4899)	0	0	0	0	0	0	0	0	0	0
MAFK(7975)	0	0	0	0	0	0	0	0	0	0
MARS(4141)	0	0	0	0	0	0	0	0	0	0
ZFP36(7538)	0	1	0	0	0	0	0	0	0	0
SPTB(6710)	0	0	0	0	0	0	0	0	0	0
FXR1(8087)	1	0	0	0	0	0	0	0	0	0
KPNA5(3841)	0	0	0	0	0	0	0	0	0	0
SLC3A2(6520)	0	0	0	0	0	0	0	0	0	0
SF1(7536)	1	0	0	0	0	0	0	0	0	0
MADCAM1(8174)	0	0	0	0	0	0	0	0	0	0
NCOA3(8202)	0	0	0	0	0	0	0	0	0	0
SUMO1(7341)	0	0	0	0	0	0	0	0	0	0
U2AF1(7307)	0	0	0	0	0	0	0	0	0	0
RAD21(5885)	0	0	0	0	0	0	0	0	0	0
PRDM2(7799)	0	0	0	0	0	0	0	0	0	0
KLRC4(8302)	0	0	0	0	0	0	0	0	0	0
ANP32A(8125)	0	0	0	0	0	0	0	0	0	0
BRAP(8315)	0	0	0	0	0	0	0	0	0	1
LAMB1(3912)	0	0	0	0	0	0	0	0	0	0
UBE2H(7328)	0	0	0	0	0	0	0	0	0	0
NASP(4678)	0	0	0	0	0	0	0	0	0	0
EEA1(8411)	0	0	0	0	0	0	0	0	0	0
RAB5C(5878)	0	0	0	0	0	0	0	0	0	0
SFRS7(6432)	0	0	0	0	0	0	0	0	0	1
VHL(7428)	0	0	0	0	0	0	0	0	0	0
VCL(7414)	0	0	0	0	0	0	0	0	0	0
OGT(8473)	0	0	1	0	0	0	0	0	1	0
PTPRS(5802)	0	0	0	0	0	0	1	0	0	1
PGAM1(5223)	0	0	0	0	0	0	0	0	0	0
VTN(7448)	0	0	0	0	0	0	1	0	0	0
IKBKG(8517)	0	0	0	0	0	0	0	0	0	0
IKBKAP(8518)	0	0	0	0	0	0	0	0	0	0
BAT5(7920)	0	0	0	0	0	0	0	0	0	0
IFITM1(8519)	0	0	0	0	0	0	0	0	0	0
DGKD(8527)	0	0	0	0	0	0	0	0	1	0
RALA(5898)	0	0	0	0	0	0	0	0	0	0
CUL5(8065)	0	0	0	0	0	0	0	0	0	1
CAMK1(8536)	0	0	0	0	0	0	0	0	0	0
SUV39H2(79723)	0	0	0	0	0	0	0	0	0	0
RAB2(5862)	0	0	0	0	0	0	0	0	0	0
MAPK11(5600)	1	0	0	0	0	0	0	0	1	0
BHLHB2(8553)	0	0	0	0	0	0	0	0	0	0
PIAS1(8554)	0	0	0	0	0	0	0	0	0	0
TTN(7273)	0	0	0	0	0	0	0	0	0	0
MADD(8567)	0	0	0	0	0	0	0	0	0	0
PRKRA(8575)	1	0	0	0	0	0	0	0	0	0
TNFSF11(8600)	0	0	0	0	0	0	1	0	1	0
PIP5K1A(8394)	0	0	0	0	0	0	0	0	0	0
TP73L(8626)	0	0	0	0	0	0	0	0	0	0
SMO(6608)	0	0	0	0	0	0	0	0	0	0
NCOA1(8648)	1	0	0	0	0	0	1	0	0	0
POLH(5429)	0	0	0	0	0	0	0	0	0	0
PIK3R3(8503)	0	0	0	0	0	0	0	0	0	0
SOCS1(8651)	0	0	0	0	0	0	0	0	0	0
EIF3S9(8662)	0	0	0	0	0	0	0	0	0	0
STX11(8676)	0	0	0	0	0	0	0	0	0	0
TRADD(8717)	0	0	0	0	0	0	0	0	0	0
YY1(7528)	0	0	0	0	0	0	0	0	0	0
RIPK1(8737)	1	0	0	0	0	1	0	1	0	0
TNFRSF25(8718)	0	1	0	0	0	0	0	0	0	0
TNFSF10(8743)	0	0	0	0	0	0	0	1	0	0
TNFRSF14(8764)	0	0	1	0	0	0	0	0	0	0
TNFSF13(8741)	0	1	0	0	0	0	0	0	0	0
PEA15(8682)	0	0	0	0	0	0	0	0	0	1
TNFRSF10D(8793)	0	0	0	0	0	0	0	0	0	0
FADD(8772)	0	0	0	0	0	0	0	0	0	0
TNFRSF10B(8795)	0	0	0	0	0	0	0	0	0	0
PCTK3(5129)	0	0	0	0	0	0	0	0	0	0
RSN(6249)	0	0	0	0	0	0	0	0	0	0
NRP1(8829)	0	0	0	0	0	0	0	1	0	0
ARID4A(5926)	1	1	0	0	0	0	0	0	0	0
HDAC3(8841)	0	0	0	0	0	0	0	0	1	0
MAP3K12(7786)	0	0	0	0	0	0	0	0	0	0
TSC22D1(8848)	0	0	0	0	0	0	0	0	0	0
PCAF(8850)	0	0	0	0	0	0	0	0	0	0
SYNJ2(8871)	0	0	0	0	0	0	0	0	0	0
TAX1BP1(8887)	0	0	0	0	0	1	0	0	0	0
CCNA1(8900)	0	0	1	0	0	0	0	0	0	0
AP1S2(8905)	0	0	0	0	0	0	0	0	0	0
BCL10(8915)	0	0	0	0	0	0	0	0	0	0
LAPTM5(7805)	0	0	0	0	0	0	0	0	1	0
TNFRSF18(8784)	0	0	0	0	0	0	0	1	0	0
NOL3(8996)	0	0	0	0	0	1	0	0	0	0
F2RL2(2151)	0	0	0	0	0	0	0	0	0	0
MAP3K14(9020)	0	0	0	0	0	0	0	0	0	0
IRS2(8660)	0	1	0	0	0	0	0	0	0	1
SOCS2(8835)	0	0	0	0	0	0	0	0	0	0
SMARCC2(6601)	0	0	0	0	0	0	0	0	0	0
STAT4(6775)	0	0	0	0	0	0	0	0	0	0
UBE2B(7320)	0	0	0	0	0	0	0	0	0	0
EIF2S2(8894)	0	0	0	0	0	0	0	0	0	0
ASH2L(9070)	0	1	0	0	0	0	0	0	0	0
STAM(8027)	0	0	0	0	0	0	0	0	0	1
USP8(9101)	0	0	0	0	0	0	0	0	0	0
MYCN(4613)	0	0	0	0	0	0	0	0	0	0
DDX18(8886)	0	0	0	0	0	0	0	0	0	0
EBI2(1880)	0	0	0	0	0	0	0	0	0	0
LATS1(9113)	0	0	0	0	0	0	0	0	0	0
SMC1L1(8243)	0	0	0	0	0	0	0	0	0	1
AP1G2(8906)	0	0	0	0	0	0	0	0	0	0
ARHGEF1(9138)	0	0	0	0	0	0	0	0	0	1
TADA2L(6871)	0	0	0	0	0	0	0	0	0	0
PMS2(5395)	0	0	0	0	0	0	0	0	0	0
PCSK7(9159)	0	0	0	0	0	0	0	0	0	0
OSM(5008)	0	0	0	0	0	0	0	0	0	0
DDEF2(8853)	0	0	0	0	0	0	0	0	0	0
CFLAR(8837)	0	0	0	0	0	0	0	1	0	0
RPS6KA2(6196)	0	0	0	0	0	0	0	0	0	0
TCF12(6938)	0	0	1	0	1	0	0	0	0	0
RARS(5917)	0	0	0	0	0	0	0	0	0	0
SCYE1(9255)	0	0	0	0	0	0	0	0	1	0
SPP1(6696)	0	0	0	0	0	0	0	0	0	0
GEM(2669)	0	0	0	0	0	0	0	0	0	0
LSP1(4046)	0	0	0	0	0	0	0	0	0	0
MAPKAPK2(9261)	0	0	0	0	0	0	0	0	0	0
PSCD1(9267)	0	0	1	0	0	0	0	0	0	0
RGS4(5999)	0	0	0	0	0	0	0	0	0	0
DNAJA3(9093)	0	0	0	0	0	1	0	0	0	0
COPS2(9318)	0	0	0	0	0	0	0	0	0	0
COPS3(8533)	0	0	0	0	0	1	0	0	0	0
BTG2(7832)	1	0	0	0	0	0	0	0	0	0
EFTUD2(9343)	0	0	0	0	0	0	0	0	0	0
ST13(6767)	0	0	0	0	0	0	0	0	0	1
TIMP1(7076)	0	0	0	0	0	0	0	0	0	0
TOP3B(8940)	0	0	0	0	0	0	0	0	0	0
TOP3A(7156)	0	0	0	0	0	0	0	0	0	0
ZNF265(9406)	0	0	0	0	0	0	0	0	0	0
TCEB3(6924)	0	0	0	0	0	0	0	0	0	0
HGS(9146)	0	0	0	0	0	0	0	0	0	0
GFI1(2672)	0	0	0	0	0	0	0	0	0	0
EIF4EBP3(8637)	0	0	0	0	0	0	0	0	0	0
ATG12(9140)	0	0	0	0	0	0	0	0	0	0
IQGAP1(8826)	0	0	0	0	0	0	0	0	0	0
SCAMP1(9522)	0	0	1	0	0	0	0	0	0	0
SPOP(8405)	0	0	0	0	0	0	0	0	0	0
PPAP2B(8613)	0	0	0	0	0	0	0	0	0	0
PIAS2(9063)	0	0	0	0	0	0	0	0	1	0
NR1D1(9572)	0	0	0	0	0	0	0	0	0	0
PRDX6(9588)	0	0	0	0	0	0	0	0	0	0
PDCD2(5134)	0	0	0	0	0	0	0	0	0	0
NCOR1(9611)	0	0	0	0	0	0	0	0	1	1
CUL2(8453)	0	0	0	0	0	0	0	0	0	0
UBE1L(7318)	0	0	0	0	0	1	0	0	0	0
FEZ1(9638)	0	0	0	0	0	0	0	0	1	0
PPM1F(9647)	0	0	0	0	0	0	0	0	0	0
TP53BP1(7158)	1	0	0	0	0	0	0	1	0	0
TRAM2(9697)	0	0	0	0	0	0	0	0	0	0
NCOR2(9612)	0	0	0	1	0	0	0	0	1	0
RFXANK(8625)	0	0	0	0	1	0	0	0	0	0
HDAC9(9734)	0	0	0	0	0	0	0	0	0	0
BAG3(9531)	0	0	0	0	1	0	0	0	0	1
UBE2L6(9246)	0	0	0	0	0	0	0	0	0	0
ARHGEF11(9826)	0	1	0	0	0	0	0	0	0	0
FGD1(2245)	0	0	0	0	0	0	0	0	0	0
GRAP2(9402)	0	0	0	0	0	0	0	0	0	1
PDCD8(9131)	0	0	0	0	0	0	0	0	0	0
TLK1(9874)	0	0	0	0	0	0	0	0	0	0
LPXN(9404)	0	0	0	0	0	0	0	0	0	0
CRSP3(9439)	0	0	0	0	0	0	0	0	0	0
NR0B2(8431)	0	0	0	0	0	0	0	0	0	0
NUP153(9972)	0	0	0	0	0	0	0	0	0	1
OXSR1(9943)	0	0	0	0	0	0	0	0	0	0
CASP8AP2(9994)	0	0	0	0	0	0	0	0	0	0
TCL1A(8115)	0	1	0	0	0	0	0	0	0	0
ZBTB33(10009)	0	0	0	0	0	0	0	0	0	0
IKBKE(9641)	0	0	0	0	0	0	0	0	0	0
PDCD6(10016)	0	0	0	0	0	0	0	0	0	0
BCL2L11(10018)	0	0	1	0	0	0	0	0	0	0
XRCC1(7515)	0	0	0	0	0	0	0	0	0	0
BUB3(9184)	0	0	0	0	0	0	0	0	0	0
ENTPD1(953)	0	0	0	0	0	0	0	0	0	0
RANBP9(10048)	0	0	0	0	0	0	0	0	0	0
COX17(10063)	1	0	0	0	0	0	0	0	0	0
POM121(9883)	0	0	0	0	0	0	0	0	0	0
LIMD1(8994)	0	0	0	0	0	0	0	0	0	0
FEM1B(10116)	0	0	0	0	0	0	0	0	0	0
DGKZ(8525)	0	0	0	0	0	0	0	0	1	1
TBC1D4(9882)	0	0	0	0	0	0	0	0	0	0
TRIP10(9322)	0	0	0	0	0	0	0	0	0	0
SPG7(6687)	0	0	0	0	0	0	0	0	0	0
CHAF1A(10036)	0	0	0	0	0	0	0	0	0	0
PSTPIP1(9051)	0	0	0	0	0	0	0	0	0	0
ZNF197(10168)	0	0	0	0	0	0	0	0	0	0
DLG5(9231)	0	0	0	0	0	0	0	0	0	0
THOC4(10189)	0	0	0	0	0	0	0	0	0	0
PSME3(10197)	0	0	0	0	0	0	0	0	0	0
PTPN9(5780)	0	0	0	0	0	0	0	0	0	0
WARS(7453)	0	0	0	0	0	0	0	0	0	0
CDK2AP1(8099)	0	0	0	0	0	0	0	0	0	0
SH2D3C(10044)	0	0	0	0	0	0	0	0	0	0
SHMT1(6470)	0	0	0	0	0	0	0	0	0	0
UNG2(10309)	0	0	0	0	0	0	0	0	0	0
UGCG(7357)	0	0	0	0	0	0	0	0	0	0
RTN3(10313)	0	0	0	0	0	0	0	0	0	0
TRAP1(10131)	0	0	0	0	0	0	0	0	0	1
CCNK(8812)	0	0	0	0	0	0	0	0	0	0
TUBG1(7283)	0	0	0	0	0	0	0	1	0	1
SOCS6(9306)	0	0	1	0	1	0	0	0	0	0
ROS1(6098)	0	0	0	0	0	0	0	1	0	0
TNK2(10188)	1	0	0	0	0	0	0	0	0	0
MERTK(10461)	0	0	0	0	0	0	0	0	0	0
TIMM44(10469)	0	0	0	0	0	0	0	0	0	0
RNF8(9025)	0	0	0	0	0	0	0	0	0	0
NUP214(8021)	0	0	0	0	0	0	0	0	0	0
STX8(9482)	0	0	0	0	0	0	0	0	0	0
MYO9B(4650)	0	0	0	0	0	1	0	0	0	0
NCOA2(10499)	0	0	0	0	0	0	0	0	0	0
PIAS3(10401)	0	0	1	0	0	0	0	0	0	0
PTPN4(5775)	0	0	0	0	0	0	0	0	0	0
PDCD5(9141)	0	0	0	0	0	0	0	0	0	0
RABIF(5877)	0	0	0	0	0	0	0	0	0	0
SLC1A1(6505)	0	0	0	0	0	0	0	0	0	0
CCL21(6366)	0	0	0	0	0	0	0	0	0	0
SMC4L1(10051)	0	0	0	0	0	0	0	0	0	0
PAICS(10606)	0	0	0	0	0	0	0	0	0	0
AURKB(9212)	0	0	0	0	0	0	0	0	0	0
MAP2K5(5607)	0	1	0	0	1	0	0	0	0	0
TXN(7295)	0	0	0	0	0	0	0	1	0	0
PSMF1(9491)	0	0	0	0	0	0	0	0	0	0
KHDRBS3(10656)	1	0	0	0	0	0	0	0	1	1
KHDRBS1(10657)	0	0	0	0	0	0	0	0	0	0
FUBP1(8880)	0	0	0	0	0	0	0	0	0	0
CUGBP1(10658)	0	0	0	0	0	0	0	0	0	0
TNFSF13B(10673)	0	0	0	0	0	0	0	0	0	0
RGS11(8786)	0	0	0	0	0	0	0	0	0	0
RGS9(8787)	0	0	0	0	0	0	0	0	0	0
NFAT5(10725)	0	0	0	0	0	0	0	0	0	0
PLK4(10733)	0	0	0	0	0	0	0	0	0	0
TGFBR3(7049)	0	0	0	0	0	0	0	1	0	0
CCL25(6370)	0	0	0	0	0	0	0	0	0	0
PGK1(5230)	0	0	0	0	0	0	0	0	0	0
SEPT9(10801)	0	0	0	0	0	0	0	0	1	0
MALT1(10892)	1	0	0	0	0	0	0	0	0	0
TRRAP(8295)	0	0	1	0	0	0	0	0	0	0
UTP14A(10813)	0	0	0	0	0	0	0	0	1	1
SF3A1(10291)	1	0	0	0	1	0	0	0	0	0
CDC7(8317)	0	0	0	0	0	0	0	1	0	0
TCERG1(10915)	0	0	1	0	0	0	0	0	0	0
RAB11FIP3(9727)	0	0	0	0	0	0	0	0	0	0
RBX1(9978)	0	0	0	0	0	0	0	0	0	0
ZFHX1B(9839)	0	0	0	0	0	0	0	0	0	1
NEK6(10783)	0	0	0	0	0	0	0	0	0	0
TLK2(11011)	0	0	0	0	0	0	0	0	0	0
IL1RL1(9173)	0	0	0	0	0	0	0	0	0	0
CPSF6(11052)	1	0	0	0	0	0	0	0	0	0
TOPBP1(11073)	1	0	0	0	0	0	0	0	0	0
AKAP1(8165)	0	0	0	0	0	0	0	0	0	0
NXF1(10482)	0	0	0	0	0	0	0	0	0	0
FAF1(11124)	0	0	0	0	0	0	0	0	1	0
CRADD(8738)	0	0	0	0	0	0	0	0	0	0
TANK(10010)	0	0	0	0	0	0	0	0	0	0
MAP4K1(11184)	0	0	0	0	0	0	0	0	0	0
XPA(7507)	0	0	0	0	0	0	0	0	0	0
C14orf1(11161)	1	0	0	0	0	0	0	1	0	0
TLOC1(7095)	0	0	0	0	0	0	0	0	0	0
STK25(10494)	0	0	0	0	0	0	0	0	0	0
STK24(8428)	0	0	0	0	0	0	0	0	0	0
COPS5(10987)	0	0	0	0	0	0	1	0	0	0
TNFRSF10C(8794)	1	0	0	0	0	0	0	0	0	0
GNG11(2791)	0	0	0	0	0	0	0	0	0	0
SLC9A5(6553)	0	0	0	0	0	0	0	0	0	0
G1P2(9636)	0	0	0	0	0	0	0	0	0	0
EHMT2(10919)	0	0	0	0	0	0	0	1	0	0
CBX3(11335)	0	0	0	0	0	1	0	0	0	0
U2AF1L2(8233)	0	0	0	0	0	0	0	0	0	0
SRPK2(6733)	0	0	0	0	0	0	0	0	0	0
ZNFN1A1(10320)	0	0	0	0	0	0	0	1	0	0
TAPBP(6892)	0	0	0	0	0	0	0	0	0	0
U2AF2(11338)	0	0	0	0	0	0	0	0	0	0
RAB11FIP2(22841)	0	0	0	0	0	0	0	0	0	0
NALP1(22861)	0	0	0	0	0	1	0	0	0	0
AXIN2(8313)	0	0	0	0	0	0	0	0	0	0
ZHX2(22882)	0	0	0	0	0	0	0	0	0	0
UBE2E3(10477)	0	0	0	0	0	0	0	0	0	0
CARD8(22900)	0	0	0	0	0	0	0	0	0	0
K-ALPHA-1(10376)	0	0	0	0	0	0	0	1	1	0
TRAK1(22906)	0	0	0	0	0	0	0	0	1	0
NFYC(4802)	0	0	1	0	0	0	0	0	0	0
ATF6(22926)	0	0	1	0	0	0	0	0	0	0
CDC14B(8555)	0	0	1	0	0	0	0	1	0	0
TMEM11(8834)	0	0	0	0	0	0	0	0	0	0
SCMH1(22955)	0	0	0	0	0	0	0	0	0	0
RAB10(10890)	0	0	0	0	0	0	0	0	0	0
MTA2(9219)	0	0	0	1	0	0	0	0	0	0
FNBP1(23048)	0	0	0	0	0	0	0	0	0	0
TNKS(8658)	0	0	0	0	0	0	0	1	0	0
ENTH(9685)	0	0	0	0	0	0	0	1	0	0
GGA2(23062)	0	0	0	0	0	0	0	0	0	0
SORL1(6653)	0	0	0	0	0	0	0	0	0	0
MAP3K7IP1(10454)	0	0	0	0	0	0	0	0	0	0
TRIM22(10346)	0	0	0	0	0	0	0	0	0	0
MAPK8IP3(23162)	0	0	0	0	0	0	0	0	0	0
FBXW11(23291)	0	0	0	0	0	0	0	0	0	0
SCFD1(23256)	0	0	0	0	0	0	0	0	0	0
PUM2(23369)	0	0	0	0	0	0	0	0	0	0
NOMO1(23420)	0	0	0	0	0	0	0	0	0	0
EXOC7(23265)	0	0	0	0	0	0	0	0	0	0
MELK(9833)	0	0	0	0	0	0	0	0	0	0
CABIN1(23523)	0	0	0	0	0	0	0	0	0	0
BCLAF1(9774)	0	0	0	0	0	0	0	0	0	0
CD2AP(23607)	0	1	0	0	0	0	0	0	0	0
XPO6(23214)	0	0	0	0	0	0	0	0	0	0
LSM6(11157)	0	0	0	0	0	0	0	0	0	0
SLC9A3R2(9351)	0	0	0	0	1	0	0	0	0	0
GCA(25801)	0	0	0	0	0	0	0	0	0	0
EIF4E2(9470)	0	0	0	0	0	0	0	0	0	0
NOLC1(9221)	0	0	0	0	0	0	0	0	0	0
CBX5(23468)	0	0	0	0	0	1	0	0	0	0
MXD4(10608)	0	0	0	0	0	0	0	0	0	0
L3MBTL(26013)	0	0	0	0	0	0	0	0	0	0
UPF2(26019)	0	1	0	0	0	0	0	0	0	0
SKIV2L2(23517)	0	0	0	0	0	0	0	0	0	0
MACF1(23499)	0	0	0	0	0	0	0	0	0	0
SH2BP1(9646)	0	0	0	0	0	0	0	1	0	0
GGA1(26088)	1	0	0	0	0	0	1	0	0	0
PAXIP1(22976)	0	0	0	0	0	0	0	1	0	0
HIPK3(10114)	1	0	0	0	0	1	0	0	0	0
DICER1(23405)	0	0	0	0	0	0	0	0	0	0
SIN3A(25942)	1	0	0	0	0	0	0	0	0	0
PABPC1(26986)	0	0	0	0	0	0	0	0	0	0
EPN2(22905)	0	0	0	0	0	0	0	0	1	0
HUWE1(10075)	0	0	0	0	0	0	0	0	0	0
POLI(11201)	0	0	0	0	0	0	0	0	0	0
TXNIP(10628)	0	1	0	0	0	0	0	0	0	0
GRAP(10750)	0	0	0	0	0	0	0	1	0	1
CDC37(11140)	0	0	0	0	0	0	0	0	0	0
MAST2(23139)	0	0	0	0	0	0	0	0	0	0
RNF19(25897)	0	0	0	0	0	0	0	0	0	0
IL18R1(8809)	0	0	0	0	0	0	0	0	0	0
SIT1(27240)	0	0	0	0	0	0	0	0	0	0
PDCD4(27250)	0	0	0	0	0	0	0	0	0	0
DLL1(28514)	0	0	0	0	0	0	0	0	0	0
ARHGEF6(9459)	0	0	0	0	0	0	0	0	0	0
PTPRZ1(5803)	0	0	0	0	0	0	0	0	0	0
GIT2(9815)	0	0	0	0	0	0	0	0	0	0
CIC(23152)	0	0	0	0	0	0	0	0	0	0
HYPB(29072)	0	0	0	0	0	0	0	0	0	0
CDC2L5(8621)	0	0	0	0	0	0	0	0	0	0
PRKCBP1(23613)	0	0	0	0	0	0	0	0	0	0
MAPKAPK3(7867)	0	0	0	0	0	0	0	0	0	0
RIBC2(26150)	0	0	1	0	0	0	0	0	1	0
TCL1B(9623)	0	0	0	0	0	0	0	0	0	0
SH3KBP1(30011)	0	0	0	0	0	0	0	0	0	0
BLNK(29760)	0	0	1	0	0	0	0	0	0	0
IL10RB(3588)	0	0	0	0	0	0	0	0	0	0
TRAT1(50852)	0	0	0	0	0	0	0	0	0	0
POLR1C(9533)	0	0	0	0	0	0	0	0	1	0
NIN(51199)	0	0	0	0	0	1	0	0	0	0
POLA2(23649)	0	0	0	0	0	1	0	0	0	0
RCOR1(23186)	0	0	0	0	0	0	0	0	0	0
SP4(6671)	0	0	0	0	0	1	0	0	0	0
TAOK3(51347)	0	0	0	0	0	0	0	0	0	0
TOMM34(10953)	0	0	0	0	0	0	0	0	0	0
PRKAG1(5571)	0	0	0	0	0	0	0	0	0	0
MTA1(9112)	1	0	0	0	0	1	0	0	1	1
PPHLN1(51535)	0	0	0	0	0	0	0	0	0	0
CCL13(6357)	0	0	0	0	0	0	0	0	0	0
CXCL13(10563)	0	0	0	0	0	0	0	0	0	0
C6orf55(51534)	0	0	0	0	0	0	0	0	0	0
MBIP(51562)	0	0	0	0	0	0	0	0	0	0
LEF1(51176)	0	0	1	0	0	0	0	0	0	0
IMPDH2(3615)	0	0	0	0	0	0	0	0	0	0
DRAP1(10589)	0	0	0	0	0	0	0	0	0	0
CCDC53(51019)	0	0	0	0	0	0	0	0	0	0
LUC7L2(51631)	1	0	0	0	0	0	0	0	0	0
SNW1(22938)	0	0	0	0	0	0	0	0	0	0
IFIT5(24138)	0	0	0	0	0	0	0	0	0	0
SNX9(51429)	0	0	0	0	0	0	0	0	0	0
MTHFR(4524)	0	0	0	0	0	0	0	0	0	0
ITSN2(50618)	0	0	0	0	0	0	0	0	0	0
DBF4(10926)	1	0	0	0	0	0	0	1	0	0
NLK(51701)	0	0	0	0	0	0	0	0	0	0
CEP57(9702)	0	0	0	0	0	0	0	0	0	0
GNB5(10681)	0	0	0	0	0	0	0	0	0	0
TREM1(54210)	0	0	0	0	0	0	0	0	0	0
RAD50(10111)	0	1	0	0	0	0	0	0	0	0
TRIAD3(54476)	1	0	0	0	0	0	0	1	0	0
USP33(23032)	0	0	0	0	0	0	0	0	0	0
M-RIP(23164)	0	0	0	0	0	0	0	0	0	0
RP11-502H18.1(9857)	0	0	0	0	0	0	0	0	0	0
SYT17(51760)	0	0	0	0	0	0	0	0	0	0
RRAS2(22800)	0	0	0	0	0	0	0	0	0	0
TESC(54997)	0	0	0	0	0	0	0	0	0	0
CRSP2(9282)	0	0	0	0	0	0	0	0	0	0
XRN1(54464)	0	0	0	0	0	0	0	0	0	0
ZCCHC10(54819)	0	0	0	0	1	0	0	0	0	0
THAP1(55145)	0	0	0	0	0	0	0	1	0	0
PKMYT1(9088)	0	0	0	0	0	0	0	0	0	0
DKFZP779L1558(55297)	0	0	0	0	0	0	0	0	0	0
FLJ20625(55004)	0	0	0	0	0	0	0	0	0	0
LSM8(51691)	1	0	0	0	0	0	0	0	0	0
MMP11(4320)	0	0	0	0	0	0	0	0	0	0
RLF(6018)	0	0	0	0	0	0	0	0	0	0
RBAF600(23352)	0	0	0	0	0	0	0	0	0	0
BRD4(23476)	0	0	0	0	0	0	0	0	0	0
CRKRS(51755)	0	0	0	0	0	0	0	0	0	0
ZCCHC8(55596)	0	0	0	0	0	0	0	0	0	0
PDCD7(10081)	0	0	0	0	0	0	0	0	0	0
PRPF40A(55660)	0	0	0	0	0	1	1	0	1	0
PEX6(5190)	0	0	0	0	0	0	0	0	0	0
SENP3(26168)	0	0	0	0	0	0	0	0	0	0
TTC3(7267)	0	0	0	0	0	0	0	0	0	0
RRBP1(6238)	0	0	0	0	0	0	0	0	0	0
ZNF518(9849)	0	0	0	0	0	0	0	0	0	0
DMTF1(9988)	0	0	0	0	0	0	0	0	0	0
ZNF259(8882)	0	0	0	0	0	0	0	0	0	0
PSPC1(55269)	0	0	0	0	0	0	0	0	0	0
SHFM1(7979)	0	0	0	0	0	0	0	0	0	0
EIF2C2(27161)	0	0	0	0	0	0	0	0	0	0
ERBB2IP(55914)	0	0	0	0	0	0	0	0	0	0
GLMN(11146)	0	0	0	0	0	0	0	1	0	0
LY6E(4061)	1	0	0	0	0	0	0	0	0	0
ZDHHC3(51304)	0	0	0	0	0	0	0	0	0	0
ZFPM2(23414)	0	0	0	0	0	0	0	0	0	0
NUP210(23225)	0	0	0	0	0	0	0	0	0	0
UQCRC2(7385)	0	0	0	0	0	0	0	0	0	0
TTC17(55761)	0	0	0	0	0	0	0	0	0	0
IRAK4(51135)	0	0	0	0	0	0	0	0	0	0
SFRS16(11129)	0	0	0	0	0	0	0	0	0	0
PLCL2(23228)	0	0	0	0	0	0	0	0	0	0
REXO1(57455)	0	0	0	0	0	0	0	0	0	0
ARID1B(57492)	0	0	0	0	0	0	0	0	0	0
RASGRP2(10235)	0	0	0	0	0	0	0	0	0	0
C7orf20(51608)	0	0	1	0	0	0	0	1	0	0
DUSP12(11266)	0	0	0	0	0	0	0	0	0	0
PBK(55872)	0	0	0	0	0	0	0	0	0	1
RIF1(55183)	1	0	0	0	0	0	0	0	0	0
MKL1(57591)	0	0	0	0	0	0	0	0	0	0
APTX(54840)	0	0	0	0	0	0	0	0	0	0
RAI17(57178)	0	0	0	0	0	0	0	0	0	0
ATF7IP(55729)	0	0	0	0	0	0	0	0	0	0
SEC23IP(11196)	0	0	0	0	0	0	0	0	0	0
WRNIP1(56897)	0	0	0	0	0	0	0	0	0	0
SLAMF7(57823)	0	0	0	0	0	0	0	0	0	0
IL21R(50615)	0	0	0	0	0	0	0	0	0	0
CCL16(6360)	0	0	0	0	0	0	0	0	1	0
NIF3L1(60491)	0	0	0	0	0	0	0	0	0	0
BTBD2(55643)	0	0	0	0	0	0	0	0	0	1
MMP10(4319)	0	0	0	0	0	0	0	0	0	0
GORASP1(64689)	0	0	0	0	0	0	0	0	0	0
EPHA1(2041)	0	0	0	0	0	0	0	0	0	0
RAB22A(57403)	0	0	0	0	0	0	0	0	0	0
GNG2(54331)	1	0	0	0	0	0	0	0	0	0
BTBD15(29068)	0	0	0	0	0	0	0	0	0	0
IL17RB(55540)	0	0	0	0	0	0	0	0	0	0
ST14(6768)	0	0	0	0	0	0	0	0	0	0
TINF2(26277)	0	0	0	0	0	0	0	0	0	0
RTN4(57142)	0	0	0	0	0	0	0	0	0	0
STK39(27347)	0	0	0	0	0	0	0	0	0	0
MTMR9(66036)	0	0	0	0	0	0	0	0	0	0
CASC5(57082)	0	0	0	0	0	0	0	0	0	0
SRCAP(10847)	0	0	0	0	0	0	0	0	0	0
ARID4B(51742)	0	0	0	0	0	0	0	0	0	0
CHIC2(26511)	0	0	0	0	0	0	0	0	0	0
CDKN2D(1032)	0	0	0	0	0	0	0	0	0	0
HPS5(11234)	0	0	1	0	0	0	0	1	0	0
RAB35(11021)	0	0	0	0	0	0	0	0	0	0
TTK(7272)	0	0	0	0	0	0	0	0	0	0
MYO9A(4649)	0	0	0	0	0	0	0	0	1	0
CDT1(81620)	1	0	0	0	0	0	0	0	0	0
PPP1R15A(23645)	0	0	1	0	0	0	0	0	0	0
PCQAP(51586)	0	1	1	0	0	0	0	0	0	0
RAP80(51720)	0	0	0	0	0	0	0	0	0	0
RAP1B(5908)	0	0	0	0	0	0	0	0	0	0
RASSF5(83593)	0	0	1	0	0	0	0	0	0	0
NUMB(8650)	0	0	0	0	0	0	0	0	0	0
PHF10(55274)	0	0	0	0	0	0	0	0	0	0
DBF4B(80174)	0	0	0	0	0	0	0	0	0	0
GRINL1A(81488)	0	0	0	0	0	0	0	0	0	0
MED28(80306)	0	0	0	0	0	0	0	0	0	0
DKK1(22943)	0	0	0	0	0	0	0	0	0	0
WDR33(55339)	0	0	0	0	0	0	0	1	0	0
TRIB3(57761)	0	0	0	0	0	0	0	0	0	0
SNIP1(79753)	0	0	0	0	0	0	0	1	0	0
RAB11FIP4(84440)	0	0	0	0	0	0	0	0	0	0
SLC9A7(84679)	0	0	0	0	0	0	0	0	0	0
CYCS(54205)	0	0	0	0	0	0	0	0	0	0
RYBP(23429)	0	0	0	0	0	0	0	0	0	0
EPS15L1(58513)	0	0	0	0	0	0	0	0	0	0
TNKS2(80351)	0	0	0	0	0	0	0	0	0	0
RND1(27289)	0	0	0	0	0	0	0	0	0	0
TDRD7(23424)	0	0	0	0	0	0	0	0	0	0
TIFA(92610)	0	0	0	0	0	0	0	0	0	0
RPS6KA5(9252)	1	0	0	0	0	0	0	0	1	0
C14orf32(93487)	0	0	0	0	0	0	0	0	0	0
TRAM1(23471)	0	0	0	0	0	0	0	1	0	0
SLAMF6(114836)	0	0	0	0	0	0	0	0	0	0
NBPF3(84224)	0	0	0	0	0	0	0	0	0	0
HOMER2(9455)	0	0	0	0	0	0	0	0	0	0
EXOSC5(56915)	0	0	0	0	0	0	0	0	0	0
RAB3GAP2(25782)	0	0	0	0	0	0	0	0	0	0
PSMB1(5689)	0	0	0	0	0	0	0	0	0	0
USP22(23326)	0	0	0	0	0	0	0	0	0	0
WNK1(65125)	0	0	0	0	0	0	0	0	0	0
PITPNM2(57605)	1	0	0	0	0	0	0	0	0	0
RP13-383K5.1(55285)	0	0	0	0	0	0	0	0	0	0
BMF(90427)	1	0	0	0	0	0	0	0	0	0
THRAP3(9967)	0	0	0	0	0	0	0	0	0	0
SFRS12(140890)	0	0	1	0	0	0	0	0	0	1
SYT9(143425)	0	0	0	0	0	0	0	0	0	0
RIPK3(11035)	0	0	0	0	0	0	0	0	0	1
DEDD(9191)	0	0	0	0	0	0	0	0	0	0
DCP2(167227)	0	0	0	0	0	0	0	0	0	0
TAF15(8148)	0	0	0	0	0	0	0	0	0	0
CSRP3(8048)	0	0	0	0	0	0	0	0	0	0
SNF1LK2(23235)	0	0	0	0	0	0	0	0	0	0
APOBEC3G(60489)	0	0	0	0	0	0	0	0	0	0
YTHDC1(91746)	1	0	0	0	0	0	0	0	0	0
ARL8B(55207)	0	0	0	0	0	0	0	0	0	0
ITGA8(8516)	0	0	0	0	0	0	0	0	0	0
NT5E(4907)	0	0	0	0	0	0	0	0	0	0
ST5(6764)	0	0	0	0	0	0	0	0	0	0
PTPN18(26469)	0	0	0	0	0	0	0	0	0	0
PAG1(55824)	0	0	0	1	0	0	0	1	0	0
DOK3(79930)	0	0	0	0	0	0	0	0	0	1
LAMA1(284217)	0	0	0	0	0	0	0	0	0	0
DNASE1(1773)	0	0	0	0	0	0	0	0	0	0
HIP1R(9026)	0	0	0	0	0	0	0	0	0	0
KIF23(9493)	0	0	0	0	0	0	0	0	0	0
USP6NL(9712)	0	0	0	0	0	0	0	0	0	0
WASF3(10810)	0	0	0	1	0	0	0	0	0	0
CORO1A(11151)	0	0	0	0	0	0	0	0	0	0
CPNE4(131034)	0	0	0	0	0	0	0	0	1	0
PTPRO(5800)	0	0	0	0	0	0	0	0	0	0
TMSB4Y(9087)	1	0	0	0	0	0	0	0	0	0
PPP1R9B(84687)	0	0	0	0	0	0	0	0	0	0
PALLD(23022)	0	0	0	0	0	0	0	0	0	0
SWAP70(23075)	0	0	0	0	0	0	0	0	0	0
DNAJC6(9829)	0	0	0	0	0	0	0	0	0	0
FANCL(55120)	0	0	0	0	0	0	0	0	0	0
IQWD1(55827)	0	0	1	0	0	0	0	0	0	0
WDR61(80349)	0	0	0	0	0	0	0	0	0	0
AFTIPHILIN(54812)	0	0	0	0	0	0	0	0	0	0
DNER(92737)	0	0	0	0	0	0	0	0	0	0
MTCP1(4515)	1	0	0	0	0	0	0	0	0	0
PPM1A(5494)	0	0	0	0	0	0	0	0	0	0
DLC1(10395)	0	0	0	0	0	0	0	0	0	0
KIAA1212(55704)	0	0	0	0	0	0	0	0	0	0
TUBB(203068)	0	0	0	0	0	1	0	0	0	0
TGFBI(7045)	0	0	0	0	0	0	0	0	0	0
ADAM19(8728)	0	0	0	0	0	0	0	0	1	0
RIN3(79890)	0	0	0	0	0	0	0	0	0	0
MAP3K7IP2(23118)	0	0	0	0	0	0	0	0	0	1
RAPGEF6(51735)	0	0	0	0	0	0	0	0	0	1
FAIM2(23017)	0	0	0	0	0	0	0	0	0	0
IARS(3376)	0	0	0	0	0	0	0	0	0	0
ARHGAP21(57584)	0	0	0	0	0	0	0	1	0	0
C4orf14(84273)	0	0	0	0	0	0	0	0	0	0
TRIO(7204)	0	0	0	0	0	0	0	0	0	0
PITPNM1(9600)	1	0	0	0	0	0	0	0	0	0
VAV3(10451)	0	0	0	0	0	0	0	0	0	0
AKAP13(11214)	0	0	0	0	0	0	0	0	0	0
DAAM1(23002)	0	0	0	0	0	0	0	0	0	0
ARHGEF3(50650)	0	0	0	0	0	0	0	0	0	0
GMIP(51291)	0	0	0	0	0	0	0	1	0	0
PLEKHG2(64857)	0	0	0	0	0	0	0	0	0	0
DOCK7(85440)	0	0	1	0	0	0	0	0	0	0
SPRED2(200734)	0	0	0	0	0	1	0	0	0	0
ELMO1(9844)	0	0	0	0	0	0	0	0	0	0
EXOC5(10640)	0	0	0	0	0	0	0	0	0	0
FAM46C(54855)	0	0	0	0	0	0	0	1	0	0
NECAP2(55707)	0	0	0	0	0	0	0	0	0	0
CDCA1(83540)	0	0	0	0	0	0	0	0	0	0
DCLRE1C(64421)	0	0	0	0	0	0	0	0	0	0
TNFSF8(944)	0	0	0	0	0	0	0	0	0	0
CD1A(909)	0	0	0	0	0	0	0	0	0	1
LILRB1(10859)	0	0	0	0	0	0	0	0	0	0
BBC3(27113)	0	0	0	0	0	0	0	0	0	0
HRK(8739)	0	0	0	0	0	0	0	0	0	0
ITM2B(9445)	0	0	0	0	0	0	0	0	0	0
BFAR(51283)	1	0	0	0	0	0	0	1	0	0
HDAC7A(51564)	0	0	0	0	0	0	0	1	0	0
RPL11(6135)	0	0	0	0	0	0	0	0	0	0
AKAP8(10270)	0	0	0	0	0	0	0	0	0	0
BAP1(8314)	0	0	0	0	0	0	0	0	0	0
BRCC3(79184)	0	1	0	0	0	0	0	0	0	0
BRIP1(83990)	0	0	0	0	0	0	0	0	0	0
SH3BP5(9467)	0	0	0	0	0	1	0	0	0	0
TLR6(10333)	0	0	0	0	0	0	0	0	0	0
PIK3AP1(118788)	1	0	0	0	0	0	0	0	0	0
PTPN21(11099)	0	0	0	0	0	0	0	0	0	0
C11orf30(56946)	0	0	0	0	0	0	0	0	0	0
GRK4(2868)	0	0	0	0	0	0	0	0	0	0
PCP4(5121)	0	0	0	0	0	0	0	0	0	0
PPEF2(5470)	0	0	0	0	0	0	0	0	0	0
PPEF1(5475)	0	0	1	0	0	0	0	0	0	0
RGS10(6001)	1	0	1	0	0	0	0	0	0	0
CREG1(8804)	0	0	0	0	0	0	0	0	0	0
PACAP(51237)	0	0	0	0	0	0	0	0	0	0
MYL3(4634)	0	0	0	0	0	0	0	0	0	0
SRP72(6731)	0	0	0	0	0	0	0	0	0	0
SLK(9748)	0	0	0	0	0	0	0	0	0	0
UBE4B(10277)	0	0	0	0	0	0	0	0	0	0
BIRC6(57448)	0	0	0	0	0	0	0	0	0	0
UBE2J1(51465)	0	0	0	0	0	0	0	0	0	0
MAP4K4(9448)	0	0	0	0	0	0	0	0	0	0
TLR10(81793)	0	0	0	0	0	0	0	0	0	1
BCAS2(10286)	0	0	0	0	0	0	0	0	0	0
PTPN22(26191)	0	0	0	0	0	0	0	0	0	0
OSTF1(26578)	0	0	0	0	0	0	0	0	0	0
SLA2(84174)	0	0	0	0	0	0	0	0	0	0
CCNF(899)	0	0	0	0	0	0	0	0	0	0
RAGE(5891)	0	0	0	0	0	0	0	0	0	0
AFF4(27125)	1	0	0	0	0	0	0	0	0	0
EBI3(10148)	0	0	0	0	0	0	0	0	0	0
KLF13(51621)	1	0	0	0	0	1	0	0	0	0
NSMAF(8439)	0	0	0	0	0	0	0	0	0	0
CTSF(8722)	0	0	0	0	0	0	0	0	0	0
IGJ(3512)	0	0	0	0	0	0	0	0	0	0
CDC16(8881)	0	0	0	0	0	1	0	0	0	0
ANAPC7(51434)	0	0	0	0	0	0	0	0	0	0
CCNB2(9133)	1	0	0	0	0	0	0	0	0	0
MPHOSPH1(9585)	0	0	0	0	0	0	1	1	0	0
NDE1(54820)	0	0	0	0	0	0	0	0	0	0
CEP55(55165)	0	0	0	0	0	0	0	0	0	0
ZA20D3(54469)	0	1	0	0	0	0	0	1	0	0
CBLL1(79872)	0	0	0	0	0	0	0	0	0	0
CDH4(1002)	0	0	0	0	0	0	0	0	0	0
PPP2R3B(28227)	0	0	0	0	0	0	0	0	0	0
PPP2R4(5524)	0	0	0	0	0	0	0	1	0	0
CCNE2(9134)	0	0	0	0	0	0	0	0	0	0
GMNN(51053)	0	0	0	0	0	0	0	0	0	0
ZNF655(79027)	0	0	0	0	0	0	0	0	0	0
ANKRD12(23253)	0	0	0	0	0	0	0	0	0	0
TBRG1(84897)	0	0	0	0	0	0	0	0	0	0
UBE1C(9039)	0	0	0	0	0	0	0	0	0	0
NUP50(10762)	0	1	0	0	0	0	0	0	0	0
CCL23(6368)	0	0	0	0	0	0	0	0	0	0
CXCL9(4283)	0	0	0	0	0	0	0	0	0	0
CXCL11(6373)	0	0	0	0	0	0	0	0	0	0
YLPM1(56252)	0	0	0	0	0	0	0	0	0	0
ANTXR2(118429)	0	0	0	0	0	0	0	0	0	0
HLF(3131)	0	0	0	0	0	0	0	0	0	0
NPAT(4863)	0	0	0	0	0	0	1	0	0	0
KLF4(9314)	0	0	0	0	0	0	0	0	0	0
SERTAD2(9792)	0	0	0	0	0	0	0	0	0	0
TRERF1(55809)	0	0	0	0	0	0	0	0	0	0
GPBP1(65056)	1	0	0	0	0	1	0	0	0	1
TNFAIP6(7130)	0	0	0	0	0	0	0	0	0	0
GAB3(139716)	0	0	0	0	0	0	0	0	0	0
SOCS3(9021)	0	1	0	0	0	0	0	0	0	0
P2RXL1(9127)	0	0	0	0	0	0	0	0	0	0
ANKRD6(22881)	0	0	0	0	0	0	0	0	0	0
MAZ(4150)	0	0	0	0	0	0	0	0	0	1
KLF1(10661)	0	0	0	0	0	0	0	0	0	0
BDP1(55814)	0	0	0	0	0	0	1	0	0	0
ANKRD1(27063)	0	0	0	0	0	0	0	0	0	0
DUSP2(1844)	0	0	0	0	0	0	0	0	0	1
PTPN7(5778)	0	0	0	0	0	0	0	1	0	1
EEF2K(29904)	1	0	0	0	0	0	0	1	0	0
CDC42SE1(56882)	0	0	0	0	0	0	0	0	0	0
CDGAP(57514)	0	0	1	0	0	0	0	0	0	0
DOCK8(81704)	0	0	0	0	0	0	0	0	0	0
KLF12(11278)	0	0	0	0	0	0	0	1	0	0
PYGO2(90780)	0	0	0	0	0	0	0	0	0	0
USP9X(8239)	0	0	0	0	0	0	0	0	0	0
PTPRU(10076)	0	0	0	0	0	0	0	0	0	0
CHD8(57680)	0	0	0	0	0	0	0	0	0	0
SLPI(6590)	0	0	0	0	0	0	0	1	1	0
POR(5447)	0	0	0	0	0	0	0	0	0	0
CD97(976)	0	0	0	0	0	0	0	0	0	0
MIB1(57534)	0	0	0	0	0	0	0	0	0	0
MGEA5(10724)	0	0	0	0	0	0	0	0	0	0
SEPT6(23157)	0	0	0	0	0	0	0	0	1	0
KCNA3(3738)	0	0	0	0	0	0	0	0	0	0
IL13RA1(3597)	0	0	0	0	0	0	0	0	0	0
ASB13(79754)	0	0	0	0	0	0	0	0	0	0
MYST3(7994)	0	0	0	0	0	0	0	0	0	0
WDR5(11091)	0	0	0	0	0	0	0	0	0	0
SYVN1(84447)	0	0	0	0	0	0	0	0	0	0
KIAA0515(84726)	0	0	0	0	0	0	0	0	0	0
FAM105B(90268)	0	0	0	0	0	0	0	0	0	0
DIP2A(23181)	0	0	0	0	0	0	0	0	0	0
SNX22(79856)	0	0	0	0	0	0	0	0	0	0
TFDP2(7029)	0	0	0	0	0	0	0	0	0	0
IL18RAP(8807)	0	0	0	0	0	0	0	0	0	0
RHBDL2(54933)	0	0	0	0	0	0	0	0	0	0
EIF2AK3(9451)	0	0	0	0	0	0	0	0	0	0
EPHA5(2044)	0	0	0	0	0	0	0	0	0	0
PAIP2(51247)	0	0	0	0	0	0	0	0	0	0
NAB2(4665)	0	0	0	0	0	0	0	0	0	0
ETV4(2118)	0	0	0	0	1	0	0	0	0	0
P8(26471)	0	0	0	0	0	0	0	0	0	0
NEDD1(121441)	0	0	0	0	1	0	1	0	0	0
EMB(133418)	0	0	0	0	0	0	0	1	0	0
JMY(133746)	0	0	1	0	0	1	0	0	0	0
LRP16(28992)	0	0	0	0	0	0	0	0	0	0
NTHL1(4913)	0	0	0	0	0	0	0	0	0	0
DNTTIP2(30836)	0	0	0	0	0	0	0	0	0	0
CDK10(8558)	0	0	0	0	0	0	0	0	0	0
MSC(9242)	0	0	1	0	0	0	0	1	0	0
LILRA3(11026)	0	0	0	0	0	0	0	0	0	1
HRB2(11103)	0	0	0	0	0	0	0	0	0	0
FLJ22318(64777)	0	0	0	0	0	0	0	0	1	0
NSUN4(387338)	0	0	0	0	0	0	0	0	0	0
FANCB(2187)	0	0	0	0	0	0	0	0	0	0
BRDG1(26228)	0	0	0	0	0	0	0	0	0	1
C14orf135(64430)	0	0	0	0	0	0	0	0	0	0
HSH2D(84941)	0	0	0	0	0	0	0	0	0	0
RPS2(6187)	0	0	0	0	0	0	0	0	0	0
API5(8539)	0	0	0	0	0	0	0	0	0	0
PPP3R1(5534)	0	0	0	0	0	0	1	0	0	0
TNIP2(79155)	0	0	1	0	0	0	0	0	1	1
SCAP1(8631)	1	1	0	0	0	0	0	1	0	0
XRCC3(7517)	0	0	0	0	0	0	0	0	0	0
NARG1(80155)	0	0	0	0	0	0	0	0	1	0
GPR1(2825)	0	0	0	0	0	0	0	0	0	0
RGS14(10636)	0	0	0	0	0	0	0	0	0	0
RGS5(8490)	0	0	0	0	0	0	0	0	0	0
RGS13(6003)	0	0	0	0	0	0	0	0	0	0
SNX13(23161)	0	0	0	0	0	0	0	0	0	0
GNG10(2790)	0	0	0	0	0	0	0	0	0	0
ATXN10(25814)	0	0	0	0	0	0	0	0	0	0
CD226(10666)	0	1	0	0	0	0	0	0	0	0
ZMYM6(9204)	0	0	0	0	0	0	0	0	0	0
CTDSPL(10217)	0	0	0	0	0	0	0	0	0	0
ECD(11319)	0	0	0	0	0	0	0	0	0	0
CXCL5(6374)	0	0	0	0	0	0	0	0	0	0
AKAP11(11215)	0	0	0	0	0	0	0	0	0	0
GALNT6(11226)	0	0	0	0	0	1	0	0	0	0
UBE4A(9354)	0	0	0	0	0	0	0	0	0	0
ALG9(79796)	0	0	0	0	0	0	0	0	0	0
ZF(58487)	0	0	0	0	0	0	0	0	0	0
MIER1(57708)	0	0	0	0	0	0	0	0	0	0
TPR(7175)	0	0	0	0	0	0	0	0	0	0
DLK1(8788)	0	0	0	0	0	0	0	0	0	0
MATR3(9782)	0	0	0	0	0	0	0	0	0	0
CNNM3(26505)	0	0	0	0	0	0	0	0	0	0
PRKD3(23683)	0	0	0	0	0	0	0	0	0	0
AHSA2(130872)	0	0	0	0	0	0	0	0	0	0
DNAJC10(54431)	0	0	0	0	0	0	0	0	0	0
ISGF3G(10379)	0	0	0	0	0	0	0	0	1	0
HDAC10(83933)	0	0	0	0	0	0	0	0	0	0
PRPF38A(84950)	0	0	0	0	0	0	0	0	0	0
IL1R2(7850)	0	0	0	0	0	0	0	0	0	0
RASGRP1(10125)	0	0	0	0	0	0	0	0	0	0
IL13RA2(3598)	0	0	0	0	0	0	0	0	0	0
ARTS-1(51752)	0	0	0	0	0	0	0	0	0	0
OSMR(9180)	0	0	1	0	0	0	0	0	0	0
SOCS5(9655)	0	0	0	0	0	0	0	0	0	0
LILRB4(11006)	0	0	0	0	0	0	0	0	0	0
ENPP1(5167)	0	0	0	0	0	0	0	0	0	0
PELI1(57162)	0	0	0	0	0	0	0	0	0	0
ATP2A3(489)	0	0	0	0	0	0	0	0	0	0
TIMP2(7077)	0	0	1	0	0	0	0	1	0	0
ADAM28(10863)	0	0	0	0	0	0	0	0	0	0
ICAM5(7087)	0	0	0	0	0	0	0	0	0	0
PARVG(64098)	0	0	0	0	0	0	0	0	0	0
VNN2(8875)	0	0	0	0	0	0	0	0	0	0
BANK1(55024)	0	0	0	0	0	0	0	0	0	0
STATIP1(55250)	0	0	0	0	0	0	0	0	0	0
DDX21(9188)	0	0	0	0	0	0	0	0	0	0
SNRK(54861)	0	0	0	0	0	0	0	0	0	0
TIMP3(7078)	0	0	0	0	0	0	0	0	0	0
SPRED1(161742)	0	0	0	0	0	0	0	0	0	0
EDD1(51366)	0	0	0	0	0	0	1	0	0	0
CDC42BPA(8476)	0	0	0	0	0	0	0	0	0	0
NARF(26502)	0	0	0	0	0	0	0	0	0	1
UNC13D(201294)	0	0	0	0	0	0	0	0	0	1
MMP17(4326)	0	0	1	0	0	0	0	0	0	0
MIST(116449)	0	0	0	0	0	0	0	0	0	0
HS1BP3(64342)	0	0	0	0	0	0	0	0	0	0
MYCL1(4610)	0	0	0	0	0	0	0	0	0	0
ICK(22858)	0	0	0	0	0	0	0	0	0	0
RAB30(27314)	0	1	0	0	0	0	0	0	0	0
OS9(10956)	0	0	0	0	0	0	0	0	0	1
TBC1D1(23216)	0	0	0	0	0	0	0	0	0	0
GATAD2B(57459)	0	0	0	0	0	0	0	0	0	0
ABTB1(80325)	0	0	1	0	0	0	0	0	0	1
TMED1(11018)	0	0	0	0	0	0	1	0	0	0
ZDHHC4(55146)	0	0	0	0	0	0	0	0	0	0
SAP130(79595)	0	0	0	0	0	0	0	0	0	0
DCP1A(55802)	0	0	0	0	0	0	0	0	1	0
ZNF588(51427)	0	0	0	0	0	0	0	0	0	0
ASH1L(55870)	0	0	0	0	0	0	0	0	0	0
PPP2R5E(5529)	0	0	0	0	0	0	0	0	0	0
MTMR10(54893)	0	0	0	0	0	0	0	0	0	0
SLC35A2(7355)	0	0	0	0	0	0	0	0	0	0
PHLDA1(22822)	0	0	0	0	0	0	0	0	0	0
MGC13138(92595)	0	0	0	0	0	0	0	0	0	0
POFUT1(23509)	0	0	0	0	0	0	0	0	0	0
PPP6C(5537)	0	0	0	0	0	0	0	0	0	0
POLR1D(51082)	0	0	0	0	0	0	0	0	0	0
MAP4K2(5871)	0	0	0	0	0	0	0	0	0	0
TIMP4(7079)	0	0	1	0	0	0	0	0	0	0
EXO1(9156)	0	0	0	0	0	0	0	0	0	0
PMS1(5378)	0	0	0	0	0	0	0	0	0	1
ZC3H11A(9877)	1	0	0	0	0	0	0	0	0	0
MSH5(4439)	0	0	0	0	0	0	0	0	0	0
TLR7(51284)	0	0	0	0	0	0	0	0	0	0
NUFIP2(57532)	0	0	0	0	0	0	0	0	0	0
N4BP3(23138)	0	0	0	0	0	0	0	0	0	0
G3BP2(9908)	0	0	0	0	0	0	0	0	0	0
HBXAP(51773)	0	0	0	0	0	0	0	0	0	0
MYCBP2(23077)	0	0	1	0	0	0	0	0	0	0
PARP10(84875)	0	0	0	0	0	0	0	0	0	0
ZXDC(79364)	0	0	0	0	0	0	0	0	0	0
PRAF1(64425)	0	0	0	0	0	0	0	0	0	0
PPM1D(8493)	0	0	0	0	0	0	0	0	0	0
ZNF274(10782)	0	0	0	0	0	0	0	0	0	0
ZNF384(171017)	0	0	0	0	0	0	0	1	0	0
UNG(7374)	1	0	0	0	0	0	0	0	0	0
BAZ1B(9031)	0	0	0	0	0	0	0	0	0	0
PDGFD(80310)	0	0	0	0	0	0	0	0	0	0
AKT3(10000)	0	0	0	0	0	0	0	0	0	0
CARD11(84433)	0	0	0	0	0	0	0	0	0	0
PHKG2(5261)	0	0	0	0	0	0	0	0	0	0
APBB1IP(54518)	0	0	0	0	0	0	0	0	1	0
ARIH1(25820)	0	0	0	0	0	0	0	0	0	0
DMWD(1762)	0	0	0	0	0	0	0	0	0	0
SYTL2(54843)	0	0	0	0	0	0	0	0	0	0
C12orf22(81566)	0	0	0	0	0	0	0	0	0	0
PPP1R15B(84919)	0	0	0	0	0	0	0	0	0	0
PPP2R5B(5526)	0	0	0	0	0	0	0	0	0	0
PTPRR(5801)	0	1	0	0	0	0	0	0	0	1
AKAP10(11216)	0	0	0	0	0	0	0	0	0	0
AKAP2(11217)	0	0	0	0	0	0	0	0	0	0
SPAG1(6674)	0	0	0	0	0	0	0	0	0	0
ADD3(120)	0	0	0	0	0	0	0	1	0	0
JOSD3(79101)	0	0	0	0	0	0	0	0	0	0
CDR2(1039)	0	0	0	0	0	0	0	0	0	0
SMC2L1(10592)	0	0	0	0	0	0	0	0	0	0
IER3(8870)	0	0	0	0	0	0	0	0	0	0
STRBP(55342)	0	0	0	0	0	0	0	1	0	0
YME1L1(10730)	0	0	0	0	0	0	0	0	0	0
ASPM(259266)	0	0	0	0	0	0	0	0	0	0
TBRG4(9238)	0	0	0	0	0	0	0	0	0	0
SLC25A36(55186)	0	0	0	0	0	0	0	0	0	0
HSPBAP1(79663)	0	0	0	0	0	0	0	0	0	0
KLRA1(10748)	0	0	0	0	0	0	0	0	0	0
BTLA(151888)	0	0	0	0	0	0	0	0	0	0
THPO(7066)	0	0	0	0	0	0	0	0	0	0
PTPRT(11122)	0	0	0	0	0	0	0	0	0	0
CDC42SE2(56990)	0	0	0	0	0	0	0	0	0	0
RAD54L(8438)	0	0	0	0	0	0	0	0	0	0
RAPGEF5(9771)	1	0	0	0	0	0	0	0	0	1
ENC1(8507)	0	0	0	0	0	0	0	0	0	0
THOC1(9984)	0	0	0	0	0	0	0	0	0	0
RBAK(57786)	0	0	0	0	0	0	0	0	0	0
PPP4R2(151987)	0	0	0	0	0	0	0	0	0	0
DPF2(5977)	0	0	0	0	0	0	0	0	0	0
AICDA(57379)	0	0	0	0	0	0	0	0	0	0
NR4A3(8013)	0	0	0	0	0	0	0	0	0	0
RRM2B(50484)	0	0	0	0	0	0	0	0	0	0
TMEM66(51669)	0	0	0	0	0	0	0	0	0	0
CLCN7(1186)	0	0	0	0	0	0	0	0	0	0
HSPC049(29062)	0	0	0	0	0	0	0	0	0	0
SETBP1(26040)	0	0	0	0	0	0	0	0	0	0
PEG10(23089)	0	0	0	0	0	0	0	0	0	0
USP25(29761)	0	0	0	0	0	0	0	0	0	0
FBXW2(26190)	0	0	0	0	0	0	0	0	0	0
TIAL1(7073)	0	0	0	0	0	0	0	0	0	0
RAB11FIP1(80223)	0	0	0	0	0	0	0	0	0	0
JMJD1C(221037)	0	0	0	0	0	0	0	0	0	0
KLF10(7071)	1	0	0	0	0	0	0	0	0	0
POGZ(23126)	0	0	0	0	0	0	0	0	0	0
C14orf106(55320)	0	0	0	0	0	0	0	0	0	0
ATF7IP2(80063)	0	0	0	0	0	0	0	0	0	1
ANKRD11(29123)	0	0	0	0	0	0	0	0	0	0
STIM2(57620)	0	0	0	0	0	0	0	0	0	0
TXLNA(200081)	0	0	0	0	0	0	0	0	0	0
TAF6L(10629)	0	0	0	0	0	0	0	0	0	0
PPM1L(151742)	0	0	0	0	0	0	0	0	0	0
LUZP5(54892)	0	0	0	0	0	0	0	0	0	0
DHX36(170506)	0	0	0	0	0	0	0	0	0	0
LY96(23643)	0	0	0	0	0	0	0	0	0	0
VRK1(7443)	0	0	0	0	0	0	0	1	0	0
TP53INP1(94241)	0	0	0	0	0	0	0	0	0	0
TNFSF9(8744)	1	0	0	0	0	0	0	0	0	0
KIAA1838(84498)	0	0	0	0	0	0	0	0	0	0
TRAF3IP3(80342)	0	0	0	0	0	0	0	0	0	0
PSMD6(9861)	0	0	0	0	0	0	0	0	0	0
TRAFD1(10906)	0	0	0	0	0	0	0	0	0	0
FLJ44216(375484)	0	0	0	0	0	0	0	0	0	0
UPP1(7378)	0	0	0	0	0	0	1	0	0	0
NMD3(51068)	0	0	0	0	0	0	0	0	0	0
RDM1(201299)	0	0	0	0	0	0	0	0	0	1
PHGDHL1(337867)	0	0	0	0	0	0	0	1	0	0
FCRL3(115352)	0	0	0	0	0	0	0	0	0	0
FLJ20647(55013)	0	0	0	0	0	0	0	0	0	0
ARFGEF1(10565)	0	0	0	0	0	0	0	0	0	0
BACH2(60468)	0	0	0	0	0	0	0	0	0	0
SLC7A5(8140)	0	0	0	0	0	0	0	0	0	0
MGC33948(160140)	0	0	0	0	0	0	0	0	0	0
STAG2(10735)	0	0	0	0	0	0	0	0	0	0
CDC2L6(23097)	0	0	0	0	0	0	0	0	0	0
C1orf160(84065)	0	0	0	0	0	0	0	0	0	0
EXOC1(55763)	0	0	0	0	0	0	0	0	0	0
DCLRE1A(9937)	0	0	0	0	0	0	0	0	0	0
SLC38A2(54407)	0	0	0	0	0	0	0	0	0	0
CEP110(11064)	0	0	0	0	0	0	0	0	0	0
C6orf199(221264)	0	0	0	0	0	0	0	0	0	0
UBR2(23304)	0	0	0	0	0	0	0	0	0	0
PSCDBP(9595)	0	0	0	0	0	0	0	0	0	0
HCST(10870)	0	0	0	0	0	0	0	0	0	0
SMEK2(57223)	0	0	0	0	0	0	0	0	0	0
FOXJ3(22887)	0	0	0	0	0	0	0	0	0	0
WDTC1(23038)	0	0	0	0	0	0	0	0	0	0
NEIL1(79661)	0	0	0	0	0	0	0	0	0	0
KATNAL1(84056)	0	0	0	0	0	0	0	0	0	0
C12orf35(55196)	0	0	0	0	0	0	0	0	0	0
EP400(57634)	0	0	0	0	0	0	0	0	0	0
PBXIP1(57326)	0	0	0	0	0	0	0	0	0	0
STK40(83931)	0	0	0	0	0	0	0	0	0	0
HYLS1(219844)	0	0	0	0	0	0	0	0	0	0
PDCD10(11235)	0	0	0	0	0	0	0	0	0	0
KIAA0907(22889)	0	0	0	0	0	0	0	0	0	0
ARHGAP27(201176)	0	0	0	0	0	0	0	0	0	0
MBD6(114785)	0	0	0	0	0	0	0	0	0	0
KIAA1632(57724)	0	0	0	0	0	0	0	0	0	0
ZCCHC7(84186)	0	0	0	0	0	0	0	0	0	0
