0 0 0 0 0 
1 1 0 1 0 
0 0 1 0 1 
0 0 0 0 1 
0 0 1 0 0 
0 0 0 0 0 
1 0 0 1 0 
0 0 0 1 1 
0 0 0 0 0 
0 0 0 0 0 
0 0 0 0 0 
0 0 1 0 0 
0 0 1 1 0 
1 0 1 1 1 
0 0 0 0 1 
0 0 0 0 0 
1 0 0 1 0 
0 0 1 0 1 
0 0 0 0 1 
1 0 0 1 0 
0 0 1 1 1 
0 0 0 0 0 
0 0 0 0 1 
1 1 1 1 1 
0 0 0 0 1 
0 0 0 1 0 
0 0 1 0 0 
1 0 0 1 1 
0 1 0 0 0 
1 0 0 1 0 
1 0 0 1 0 
1 0 1 1 1 
1 0 1 1 0 
0 0 0 0 0 
0 0 0 0 0 
0 0 0 0 0 
1 0 0 1 1 
0 0 0 0 0 
0 0 0 0 0 
1 0 0 1 0 
1 0 0 1 1 
0 0 0 0 0 
0 0 1 0 0 
1 1 1 1 0 
1 0 0 1 0 
1 0 1 1 0 
0 0 0 0 0 
0 0 0 0 0 
0 0 0 0 0 
1 0 0 1 0 
1 0 0 1 0 
0 0 0 0 0 
1 0 0 1 1 
0 0 0 0 0 
1 0 0 1 0 
0 0 0 0 0 
0 0 0 0 1 
0 0 1 1 0 
0 0 1 0 0 
0 0 0 0 0 
0 0 1 1 0 
0 0 0 0 0 
1 0 0 1 0 
0 0 1 0 0 
0 0 0 0 0 
0 0 1 0 0 
0 0 0 0 0 
0 0 0 0 0 
0 0 0 0 0 
1 0 0 1 0 
1 0 0 1 0 
1 0 0 1 0 
0 1 0 1 0 
0 0 0 0 1 
1 0 1 0 0 
1 0 0 1 0 
0 0 0 1 1 
0 0 0 0 0 
1 0 1 1 1 
0 0 0 1 0 
1 0 0 0 1 
1 0 1 1 0 
0 0 0 0 0 
1 0 1 1 0 
1 0 1 1 0 
1 0 1 1 1 
0 0 0 0 0 
0 0 0 0 0 
0 0 0 0 0 
0 0 1 0 0 
0 0 0 1 1 
0 1 0 0 0 
0 0 0 0 0 
0 0 0 0 0 
0 0 0 0 1 
0 0 0 0 0 
0 0 0 0 0 
0 1 0 0 0 
0 0 0 0 0 
0 0 0 0 0 
0 0 1 0 0 
0 0 0 0 0 
0 0 0 1 0 
0 0 0 0 0 
1 0 1 0 0 
0 0 0 0 1 
0 0 0 0 0 
0 0 0 1 0 
0 0 0 0 0 
0 0 0 0 0 
0 0 0 0 1 
0 0 0 0 0 
1 0 0 0 1 
1 1 0 1 0 
0 1 0 0 1 
0 0 0 0 0 
0 0 1 0 0 
0 0 0 0 0 
0 0 0 0 0 
0 0 0 0 0 
0 0 0 0 0 
1 0 1 0 0 
0 1 1 0 0 
0 1 0 0 0 
0 0 1 0 0 
0 0 0 0 0 
0 0 0 0 0 
0 0 0 0 0 
0 1 0 1 1 
0 1 0 0 0 
0 0 1 0 0 
0 0 0 0 0 
0 0 0 1 0 
0 0 1 1 1 
0 0 0 0 1 
0 0 0 0 0 
0 0 1 0 0 
0 0 1 0 0 
1 0 0 1 0 
0 0 0 0 0 
0 0 0 0 0 
1 0 0 0 1 
0 0 0 0 1 
0 0 0 0 1 
0 0 0 0 0 
0 0 0 0 0 
1 0 0 1 0 
1 0 0 1 0 
0 0 0 0 0 
0 0 0 0 0 
1 0 1 1 0 
0 0 0 0 0 
0 0 0 0 1 
1 0 1 1 0 
0 0 0 0 0 
0 0 0 0 0 
0 0 0 1 0 
0 0 0 0 0 
0 0 0 0 0 
0 1 0 1 1 
0 0 0 0 0 
0 0 0 0 0 
0 0 0 0 0 
0 0 0 0 0 
0 0 0 0 0 
0 1 0 0 0 
0 0 0 0 0 
0 0 0 0 0 
0 0 1 0 1 
0 0 0 0 0 
0 0 0 0 0 
0 0 0 0 0 
0 0 0 0 0 
0 0 0 0 0 
0 0 1 0 0 
1 0 1 0 0 
0 0 0 0 0 
1 1 1 1 1 
0 0 1 0 0 
0 0 0 1 0 
1 0 1 1 0 
1 0 1 1 0 
1 0 1 1 0 
0 0 0 0 0 
0 0 0 0 0 
0 0 0 0 0 
0 0 0 1 0 
0 0 0 0 0 
1 0 1 1 0 
0 0 0 0 0 
0 0 0 0 0 
1 0 0 0 0 
0 0 0 0 0 
1 0 0 0 0 
0 0 0 1 0 
0 0 0 0 0 
0 0 0 0 0 
0 0 0 0 0 
0 0 0 0 0 
0 1 1 0 0 
0 0 0 0 0 
1 0 1 0 1 
1 0 1 1 0 
0 0 0 1 0 
0 0 0 0 0 
1 0 0 1 0 
0 0 1 0 0 
1 0 1 0 0 
0 0 0 0 0 
1 0 1 0 0 
1 0 0 1 0 
1 1 0 1 0 
0 0 0 1 0 
1 0 1 1 0 
0 0 0 0 0 
1 0 0 0 0 
0 0 0 0 0 
0 0 0 0 0 
0 0 0 0 0 
0 0 0 1 0 
1 0 1 1 0 
0 0 0 0 0 
1 0 0 1 0 
1 0 1 1 0 
0 0 0 0 0 
0 0 0 1 0 
0 0 1 0 0 
0 0 0 0 0 
0 0 0 1 0 
0 0 0 0 0 
0 0 1 0 0 
0 0 0 0 0 
0 0 0 0 0 
0 0 0 1 0 
0 0 1 0 0 
1 0 0 1 1 
0 0 0 1 0 
0 0 0 1 0 
0 1 0 0 0 
0 0 1 0 0 
0 0 0 0 0 
0 0 0 0 0 
0 0 0 0 0 
0 0 0 0 0 
0 0 0 1 0 
0 0 0 0 0 
0 0 0 0 0 
0 0 0 0 0 
0 0 0 0 0 
0 1 0 0 0 
0,300000 0,483333 0,637500 0,375000 
74 20 60 80 40 