0 0 0 0 0 
0 1 0 1 0 
0 0 1 0 1 
0 0 0 0 1 
0 0 1 0 0 
0 0 0 0 0 
1 0 0 1 0 
0 0 0 1 1 
0 0 0 0 0 
0 0 0 0 0 
0 0 0 0 0 
1 0 1 0 0 
1 0 1 1 0 
1 0 1 1 1 
0 0 0 0 1 
0 0 0 0 0 
1 0 0 1 0 
1 0 1 0 1 
0 0 0 0 1 
1 0 0 1 0 
0 0 1 1 1 
0 0 0 0 0 
0 0 0 0 1 
1 1 1 1 1 
0 0 0 0 1 
0 0 0 1 0 
0 0 1 0 0 
1 0 0 1 1 
1 1 0 0 0 
1 0 0 1 0 
1 0 0 1 0 
1 0 1 1 1 
0 0 1 1 0 
0 0 0 0 0 
0 0 0 0 0 
0 0 0 0 0 
1 0 0 1 1 
0 0 0 0 0 
0 0 0 0 0 
1 0 0 1 0 
0 0 0 1 1 
0 0 0 0 0 
0 0 1 0 0 
0 1 1 1 0 
1 0 0 1 0 
1 0 1 1 0 
0 0 0 0 0 
0 0 0 0 0 
0 0 0 0 0 
1 0 0 1 0 
0 0 0 1 0 
0 0 0 0 0 
0 0 0 1 1 
0 0 0 0 0 
1 0 0 1 0 
0 0 0 0 0 
0 0 0 0 1 
0 0 1 1 0 
0 0 1 0 0 
0 0 0 0 0 
1 0 1 1 0 
0 0 0 0 0 
1 0 0 1 0 
0 0 1 0 0 
0 0 0 0 0 
0 0 1 0 0 
0 0 0 0 0 
0 0 0 0 0 
0 0 0 0 0 
0 0 0 1 0 
1 0 0 1 0 
1 0 0 1 0 
0 1 0 1 0 
0 0 0 0 1 
1 0 1 0 0 
0 0 0 1 0 
1 0 0 1 1 
0 0 0 0 0 
1 0 1 1 1 
1 0 0 1 0 
1 0 0 0 1 
0 0 1 1 0 
0 0 0 0 0 
1 0 1 1 0 
1 0 1 1 0 
1 0 1 1 1 
0 0 0 0 0 
0 0 0 0 0 
0 0 0 0 0 
0 0 1 0 0 
0 0 0 1 1 
0 1 0 0 0 
0 0 0 0 0 
0 0 0 0 0 
0 0 0 0 1 
0 0 0 0 0 
0 0 0 0 0 
0 1 0 0 0 
0 0 0 0 0 
0 0 0 0 0 
0 0 1 0 0 
0 0 0 0 0 
0 0 0 1 0 
0 0 0 0 0 
1 0 1 0 0 
0 0 0 0 1 
0 0 0 0 0 
1 0 0 1 0 
0 0 0 0 0 
0 0 0 0 0 
0 0 0 0 1 
0 0 0 0 0 
0 0 0 0 1 
0 1 0 1 0 
0 1 0 0 1 
0 0 0 0 0 
0 0 1 0 0 
0 0 0 0 0 
0 0 0 0 0 
0 0 0 0 0 
0 0 0 0 0 
1 0 1 0 0 
0 1 1 0 0 
0 1 0 0 0 
0 0 1 0 0 
0 0 0 0 0 
0 0 0 0 0 
0 0 0 0 0 
0 1 0 1 1 
0 1 0 0 0 
0 0 1 0 0 
0 0 0 0 0 
0 0 0 1 0 
1 0 1 1 1 
0 0 0 0 1 
0 0 0 0 0 
0 0 1 0 0 
0 0 1 0 0 
1 0 0 1 0 
0 0 0 0 0 
0 0 0 0 0 
0 0 0 0 1 
1 0 0 0 1 
0 0 0 0 1 
0 0 0 0 0 
0 0 0 0 0 
1 0 0 1 0 
1 0 0 1 0 
0 0 0 0 0 
0 0 0 0 0 
1 0 1 1 0 
0 0 0 0 0 
0 0 0 0 1 
1 0 1 1 0 
0 0 0 0 0 
0 0 0 0 0 
1 0 0 1 0 
0 0 0 0 0 
0 0 0 0 0 
0 1 0 1 1 
0 0 0 0 0 
0 0 0 0 0 
0 0 0 0 0 
0 0 0 0 0 
0 0 0 0 0 
0 1 0 0 0 
0 0 0 0 0 
0 0 0 0 0 
0 0 1 0 1 
0 0 0 0 0 
0 0 0 0 0 
0 0 0 0 0 
0 0 0 0 0 
0 0 0 0 0 
0 0 1 0 0 
0 0 1 0 0 
0 0 0 0 0 
1 1 1 1 1 
0 0 1 0 0 
0 0 0 1 0 
1 0 1 1 0 
1 0 1 1 0 
1 0 1 1 0 
0 0 0 0 0 
0 0 0 0 0 
0 0 0 0 0 
0 0 0 1 0 
0 0 0 0 0 
1 0 1 1 0 
0 0 0 0 0 
0 0 0 0 0 
0 0 0 0 0 
0 0 0 0 0 
0 0 0 0 0 
0 0 0 1 0 
0 0 0 0 0 
0 0 0 0 0 
0 0 0 0 0 
0 0 0 0 0 
0 1 1 0 0 
0 0 0 0 0 
0 0 1 0 1 
1 0 1 1 0 
0 0 0 1 0 
0 0 0 0 0 
1 0 0 1 0 
0 0 1 0 0 
0 0 1 0 0 
0 0 0 0 0 
1 0 1 0 0 
1 0 0 1 0 
1 1 0 1 0 
0 0 0 1 0 
1 0 1 1 0 
0 0 0 0 0 
0 0 0 0 0 
0 0 0 0 0 
0 0 0 0 0 
0 0 0 0 0 
0 0 0 1 0 
1 0 1 1 0 
0 0 0 0 0 
1 0 0 1 0 
1 0 1 1 0 
0 0 0 0 0 
0 0 0 1 0 
0 0 1 0 0 
0 0 0 0 0 
0 0 0 1 0 
0 0 0 0 0 
0 0 1 0 0 
0 0 0 0 0 
0 0 0 0 0 
0 0 0 1 0 
0 0 1 0 0 
1 0 0 1 1 
1 0 0 1 0 
0 0 0 1 0 
0 1 0 0 0 
0 0 1 0 0 
0 0 0 0 0 
0 0 0 0 0 
0 0 0 0 0 
0 0 0 0 0 
0 0 0 1 0 
0 0 0 0 0 
0 0 0 0 0 
0 0 0 0 0 
0 0 0 0 0 
0 1 0 0 0 
0,200000 0,466667 0,612500 0,350000
68 20.0 60.0 80.0 40.0